' 3.000'      1       2
'Comment'
  6704.081  3.373 -3.261    2.500    4.0  3.31e+07 's' 'p'
  6704.081  3.373 -3.561    2.500    2.0  3.31e+07 's' 'p'
' 3.006'      1       2
'Comment'
  6707.922  0.000 -0.002  346.236    4.0  3.63e+07 's' 'p'
  6708.073  0.000 -0.303  346.236    2.0  3.63e+07 's' 'p'
' 3.007'      1       2
'Comment'
  6707.764  0.000 -0.002  346.236    4.0  3.63e+07 's' 'p'
  6707.914  0.000 -0.303  346.236    2.0  3.63e+07 's' 'p'
' 6.000'      1       3
'Comment'
  6711.320  8.537 -2.694   -7.230    3.0  8.32e+07 'p' 's'
  6713.582  8.537 -4.024   -7.280    5.0  2.04e+07 'p' 's'
  6716.888  8.537 -5.419   -7.230    1.0  7.94e+07 'p' 's'
' 7.000'      1       5
'Comment'
  6700.494 11.838 -1.394 1908.317    4.0  1.00e+05 'p' 'd'
  6704.839 11.838 -1.394 1905.317    2.0  1.00e+05 'p' 'd'
  6706.107 11.840 -0.993 1910.317    6.0  1.00e+05 'p' 'd'
  6708.759 11.840 -1.288 1908.317    4.0  1.00e+05 'p' 'd'
  6713.114 11.840 -2.094 1904.317    2.0  1.00e+05 'p' 'd'
' 9.000'      1       2
'Comment'
  6708.275 12.697 -1.620    2.500    4.0  1.00e+05 's' 'p'
  6714.261 14.764 -1.490    2.500    4.0  1.00e+05 'p' 'd'
'13.000'      2       1
'Comment'
  6700.848 14.890 -2.570    2.500    1.0  1.00e+05 's' 'p'
'14.000'      1       8
'Comment'
  6701.418  5.964 -2.634   -6.910    5.0  7.24e+07 'p' 'd'
  6702.242  6.099 -3.345   -6.790    5.0  4.37e+07 'X' 'X'
  6706.980  5.954 -2.801   -6.930    3.0  1.41e+08 'p' 'd'
  6710.794  6.099 -4.111   -6.730    3.0  5.37e+07 'p' 's'
  6714.574  5.964 -5.146   -7.010    5.0  2.24e+07 'd' 'f'
  6714.574  5.964 -4.722   -7.010    7.0  2.24e+07 'd' 'f'
  6715.073  6.125 -4.971   -6.730    3.0  9.77e+07 'p' 'd'
  6718.378  5.871 -3.447   -6.990    5.0  7.76e+07 'd' 'p'
'14.000'      2       1
'Comment'
  6716.973 14.504 -0.095   -7.700    4.0  1.51e+09 's' 'p'
'15.000'      1       2
'Comment'
  6713.231  8.157 -1.310    2.500    6.0  1.00e+05 'p' 's'
  6717.402  7.965 -1.850 1240.308    4.0  1.00e+05 'p' 'd'
'15.000'      2       1
'Comment'
  6713.283 10.755 -1.257   -7.730    3.0  1.62e+09 's' 'p'
'16.000'      2       1
'Comment'
  6715.186 14.003 -4.580    2.500    2.0  1.00e+05 's' 'p'
'17.000'      1       3
'Comment'
  6703.223 10.307 -2.030    2.500    4.0  1.00e+05 'p' 's'
  6707.418 10.594 -1.630    2.500    6.0  1.00e+05 'p' 'd'
  6714.598 10.281 -1.880    2.500    6.0  1.00e+05 'p' 'd'
'18.000'      1       1
'Comment'
  6719.218 13.273 -2.290    2.500    3.0  5.75e+07 'p' 'd'
'20.000'      1       3
'Comment'
  6709.893  2.933 -3.061   -7.650    5.0  4.90e+08 's' 'p'
  6710.212  4.131 -7.376   -6.590    3.0  3.16e+07 's' 'p'
  6717.681  2.709 -0.524  992.255    3.0  7.29e+07 's' 'p'
'21.000'      1       10
'Comment'
  6706.051  2.338 -5.042   -7.790    4.0  1.20e+07 'p' 'd'
  6706.069  4.054 -1.579   -7.390    6.0  2.00e+08 'p' 'd'
  6707.752  4.049 -2.500   -7.160    6.0  1.41e+08 'p' 's'
  6709.057  4.061 -1.787   -7.150    8.0  1.41e+08 'p' 's'
  6709.944  3.807 -2.844   -7.310    4.0  3.39e+08 'p' 'd'
  6710.287  4.047 -2.325   -7.390    4.0  2.00e+08 'p' 'd'
  6713.152  3.608 -9.219   -7.320    8.0  8.51e+07 'p' 's'
  6714.582  3.083 -3.802   -7.550    6.0  3.02e+08 'p' 'd'
  6714.721  3.101 -3.277   -7.550    8.0  3.24e+08 'p' 'd'
  6718.905  3.189 -2.945   -7.490    8.0  2.95e+08 'p' 'd'
'21.000'      2       2
'Comment'
  6706.082  7.489 -1.630   -7.590    5.0  7.08e+08 'd' 'f'
  6718.372  7.572 -0.111   -7.580    3.0  7.41e+08 'd' 'f'
'22.000'      1       34
'Comment'
  6701.398  3.570 -7.595   -7.590    3.0  3.31e+08 'd' 'p'
  6701.866  3.581 -6.831   -7.650    5.0  1.48e+08 'd' 'p'
  6701.998  3.294 -5.094   -7.540    9.0  1.45e+08 'p' 'd'
  6702.234  3.590 -5.834   -7.440    7.0  1.35e+07 'd' 'p'
  6703.197  3.439 -5.314   -7.530    3.0  4.90e+07 'p' 'd'
  6704.612  3.323 -2.307   -7.550    5.0  2.40e+08 'p' 'd'
  6704.770  3.569 -1.268   -7.540    9.0  2.40e+08 'p' 'd'
  6705.950  4.176 -4.531   -7.260    7.0  1.32e+08 'p' 'd'
  6706.287  1.503 -3.030   -7.750    9.0  7.76e+07 's' 'p'
  6706.336  4.243 -1.865   -7.330    3.0  2.34e+07 'd' 'f'
  6707.964  1.879 -7.970   -7.690    9.0  1.70e+08 's' 'p'
  6710.745  4.433 -5.896   -7.180    9.0  1.23e+08 'd' 'f'
  6711.024  0.848 -4.630   -7.780   11.0  2.88e+06 's' 'p'
  6711.098  4.433 -5.191   -7.180   11.0  1.23e+08 'd' 'f'
  6711.098  4.433 -7.006   -7.180    9.0  1.23e+08 'd' 'f'
  6713.371  3.351 -4.889   -7.550    9.0  2.40e+08 'p' 'd'
  6714.257  2.578 -4.976   -7.760   13.0  7.24e+07 's' 'p'
  6714.359  3.559 -3.199   -7.550    5.0  2.45e+08 'p' 'd'
  6715.239  3.934 -2.217   -7.500    5.0  7.41e+07 'p' 's'
  6715.246  4.178 -4.219   -7.260    7.0  1.29e+08 'p' 'd'
  6715.550  3.407 -1.575   -7.550    5.0  8.51e+07 'p' 'd'
  6715.966  3.583 -1.745   -7.540   11.0  2.40e+08 'p' 'd'
  6716.666  2.488 -1.370   -7.730    3.0  5.62e+07 's' 'p'
  6717.377  3.691 -1.734   -7.660    5.0  1.62e+08 'p' 'd'
  6717.506  3.458 -4.144   -7.530    5.0  5.25e+07 'p' 'd'
  6717.506  1.879 -3.582   -7.730   11.0  1.29e+08 's' 'p'
  6718.020  3.574 -7.591   -7.590    3.0  3.31e+08 'd' 'p'
  6718.302  1.460 -4.501   -7.760    9.0  8.71e+07 's' 'p'
  6718.696  4.463 -5.569   -7.180   11.0  1.07e+08 'd' 'f'
  6718.730  4.463 -5.406   -7.180   11.0  1.07e+08 'd' 'f'
  6719.163  4.213 -2.783   -7.400    3.0  4.68e+08 'p' 'd'
  6719.332  3.409 -3.591   -7.490    7.0  7.08e+07 's' 'p'
  6719.439  1.873 -7.696   -7.710    7.0  1.51e+08 's' 'p'
  6719.561  3.351 -2.702   -7.550   11.0  2.45e+08 'p' 'd'
'22.000'      2       7
'Comment'
  6701.293  6.525 -2.112   -7.690    4.0  8.51e+08 'p' 'd'
  6703.484  8.093 -4.517   -7.580    6.0  5.50e+08 'd' 'p'
  6709.141  6.535 -7.137   -7.690    8.0  7.08e+08 'p' 'd'
  6713.386  7.355 -6.891   -7.710    4.0  7.94e+08 'p' 'd'
  6715.030  8.632 -2.256   -7.480    4.0  1.12e+09 'p' 'd'
  6716.178  6.645 -2.789   -7.690    6.0  7.59e+08 'p' 'd'
  6717.805  3.124 -1.810   -7.830    8.0  2.63e+08 's' 'p'
'23.000'      1       18
'Comment'
  6700.042  2.040 -5.695   -7.780    8.0  6.17e+05 'p' 's'
  6702.373  2.863 -3.337   -7.520    4.0  5.13e+07 'p' 's'
  6703.838  3.883 -2.425   -7.300    8.0  3.39e+07 'p' 's'
  6704.445  1.950 -4.346   -7.770    6.0  9.33e+07 's' 'p'
  6704.607  3.823 -6.494   -7.400    8.0  4.57e+07 'p' 'd'
  6705.070  0.000 -7.385   -7.780    8.0  1.00e+05 's' 's'
  6706.172  2.040 -5.227   -7.780    6.0  6.46e+05 'p' 's'
  6707.518  2.743 -2.938   -7.690    8.0  1.74e+07 'p' 'd'
  6708.094  1.218 -2.443   -7.780    6.0  3.98e+07 's' 'p'
  6711.431  2.878 -3.320   -7.520    6.0  5.25e+07 'p' 's'
  6712.328  3.868 -4.423   -7.300    6.0  3.31e+07 'p' 's'
  6712.693  3.406 -6.929   -7.530    8.0  8.91e+07 'p' 'd'
  6713.098  2.684 -2.912   -7.770   10.0  7.59e+07 's' 'p'
  6714.041  2.505 -6.940   -7.770    4.0  7.24e+07 'd' 'p'
  6714.320  2.895 -3.529   -7.520    8.0  5.25e+07 'p' 's'
  6714.952  3.888 -5.420   -7.610   10.0  1.10e+08 's' 'p'
  6716.684  2.040 -5.373   -7.780    4.0  6.61e+05 'p' 's'
  6717.541  3.371 -6.279   -7.530    6.0  9.77e+07 'p' 'd'
'23.000'      2       16
'Comment'
  6700.671  9.375 -1.260   -7.570    7.0  7.59e+08 'd' 'f'
  6702.459  9.341 -2.401   -7.570    5.0  7.59e+08 'd' 'f'
  6702.530  9.419 -0.003   -7.570    9.0  7.76e+08 'd' 'f'
  6703.753  2.514 -5.212   -7.880   11.0  1.91e+08 's' 'p'
  6703.897  8.707 -2.780   -7.710   11.0  8.71e+08 'p' 'd'
  6706.712  9.054 -4.783   -7.720    7.0  9.55e+08 'd' 'p'
  6708.184  9.341 -3.005   -7.570    7.0  7.24e+08 'd' 'f'
  6710.512  8.169 -3.362   -7.650    7.0  9.55e+08 'p' 's'
  6711.183  9.069 -6.635   -7.720    5.0  9.55e+08 'd' 'p'
  6711.381  9.400 -0.043   -7.570    7.0  7.59e+08 'd' 'f'
  6715.195  9.351  0.068   -7.570    9.0  7.24e+08 'd' 'f'
  6715.290  9.419 -2.583   -7.570    9.0  8.71e+08 'd' 'f'
  6717.731  9.342 -1.964   -7.570   11.0  7.41e+08 'd' 'f'
  6718.164  9.040 -4.743   -7.720    9.0  9.33e+08 'd' 'p'
  6718.751  9.419 -0.593   -7.580    7.0  7.94e+08 'd' 'f'
  6719.867  8.619 -5.222   -7.650    7.0  1.74e+09 's' 'p'
'24.000'      1       12
'Comment'
  6700.810  4.855 -3.636   -7.780   11.0  5.89e+07 's' 'p'
  6701.420  3.422 -5.077   -7.790    5.0  2.40e+07 's' 'p'
  6701.492  3.966 -5.301   -7.780    9.0  1.62e+07 's' 'p'
  6701.633  3.850 -1.692   -7.750    5.0  8.32e+07 's' 'p'
  6703.303  4.099 -4.177   -7.630    7.0  2.29e+08 's' 'p'
  6707.596  4.208 -2.625   -7.790    3.0  1.48e+07 's' 'p'
  6709.042  4.106 -4.707   -7.640    9.0  2.29e+08 's' 'p'
  6713.409  3.966 -5.167   -7.670    7.0  1.00e+08 's' 'p'
  6714.696  3.980 -5.295   -7.770   11.0  2.69e+07 's' 'p'
  6715.471  4.175 -0.870   -7.310    5.0  7.08e+07 'p' 's'
  6716.139  3.435 -5.600   -7.790   11.0  1.82e+07 's' 'p'
  6719.556  4.096 -3.473   -7.620    5.0  2.04e+08 's' 'p'
'24.000'      2       54
'Comment'
  6700.239 10.784 -6.617   -7.730   14.0  1.17e+09 'd' 'p'
  6700.388 12.479 -5.049   -7.380    6.0  6.61e+08 'd' 'f'
  6700.572 10.881 -6.396   -7.720    6.0  1.95e+09 'd' 'p'
  6700.698  6.686 -5.466   -7.880    8.0  2.57e+08 's' 'p'
  6701.389  6.869 -6.417   -7.880    6.0  2.95e+08 's' 'p'
  6702.436  9.399 -6.698   -7.690    8.0  8.71e+08 'p' 'd'
  6703.187 10.760 -8.967   -7.730   10.0  8.51e+08 'd' 'p'
  6703.223 11.264 -2.072   -7.570    8.0  9.12e+08 'd' 'f'
  6703.322  7.386 -4.102   -7.870    6.0  3.39e+08 's' 'p'
  6703.609  9.227 -3.599  419.279    6.0  8.51e+08 'p' 'd'
  6704.769  6.641 -6.906   -7.860   10.0  2.75e+08 's' 'p'
  6704.778 11.191 -5.509   -7.460    4.0  6.46e+08 'p' 's'
  6705.390 10.683 -4.859   -7.730    6.0  9.12e+08 'd' 'p'
  6706.222  4.944 -5.421  232.222    8.0  2.34e+08 'd' 'p'
  6706.334 11.483 -3.940   -7.500    6.0  4.68e+08 'p' 'd'
  6706.546 11.191 -4.822   -7.460    4.0  6.31e+08 'p' 's'
  6706.663 13.146 -1.988   -7.250   14.0  3.80e+08 'd' 'f'
  6706.721  7.387 -3.089  201.213    6.0  3.39e+08 's' 'p'
  6706.973 11.125 -2.160  416.284    6.0  1.51e+09 'd' 'p'
  6707.054 12.525 -5.033   -7.370   10.0  6.03e+08 'd' 'f'
  6707.104 12.609 -9.052   -7.320   10.0  3.24e+08 'p' 'd'
  6707.180  4.297 -6.778   -7.880    4.0  2.34e+08 's' 'p'
  6707.486 10.860 -5.885   -7.720    8.0  1.02e+09 'd' 'p'
  6707.536 11.483 -4.528   -7.550    4.0  6.03e+08 'p' 'd'
  6707.693  8.414 -7.046   -7.660    4.0  7.59e+08 'p' 's'
  6707.972  9.227 -5.719   -7.700   10.0  9.33e+08 'p' 'd'
  6708.814  9.227 -3.679  419.280   10.0  8.51e+08 'p' 'd'
  6709.224  9.229 -2.768   -7.700    6.0  9.12e+08 'p' 'd'
  6709.751 12.638 -9.169   -7.320   10.0  2.45e+08 'p' 'd'
  6710.219 11.234 -1.223   -7.580    8.0  9.12e+08 'd' 'f'
  6710.561 11.249 -1.016   -7.570   10.0  6.92e+08 'd' 'f'
  6710.769  4.073 -5.180   -7.880   12.0  2.34e+08 'd' 'p'
  6710.940 10.881 -5.399   -7.720    6.0  1.00e+09 'd' 'p'
  6711.025 12.638 -9.636   -7.320   12.0  2.45e+08 'p' 'd'
  6711.287 11.222 -2.218   -7.600    4.0  7.76e+08 'd' 'f'
  6711.390  8.415 -5.261   -7.660    4.0  7.59e+08 'p' 's'
  6712.089 12.525 -5.645   -7.370   12.0  5.89e+08 'd' 'f'
  6712.350 12.639 -7.468   -7.320   10.0  5.37e+08 'p' 'd'
  6712.481  8.415 -6.244   -7.660    4.0  7.59e+08 'p' 's'
  6712.963  9.388 -6.867   -7.690    6.0  8.71e+08 'p' 'd'
  6713.161 11.125 -1.279  418.282    4.0  1.82e+09 'd' 'p'
  6713.409 11.458 -0.859   -7.500    6.0  6.46e+08 'p' 'd'
  6713.626 12.639 -8.511   -7.320   12.0  5.37e+08 'p' 'd'
  6714.054 12.645 -4.540   -7.320    6.0  5.01e+08 'p' 'd'
  6714.839 12.532 -3.313   -7.420    8.0  3.89e+08 'd' 'f'
  6715.993  7.386 -4.280  202.203   10.0  3.89e+08 's' 'p'
  6716.251 13.141 -4.155   -7.180    6.0  6.17e+08 'd' 'f'
  6716.950 11.249 -1.956    2.500    8.0  1.00e+05 'd' 'f'
  6716.982  4.927 -5.086  232.231    6.0  2.34e+08 'd' 'p'
  6717.189 10.904 -6.667   -7.720    8.0  1.07e+09 'd' 'p'
  6718.372  6.822 -6.795   -7.860    8.0  2.63e+08 's' 'p'
  6718.611 11.222 -2.368   -7.570    2.0  7.41e+08 'd' 'f'
  6719.099 12.721 -4.497   -7.310    6.0  5.62e+08 'p' 'd'
  6719.695 12.544 -6.786   -7.310    8.0  6.31e+08 'p' 's'
'25.000'      1       7
'Comment'
  6702.033  3.383 -5.228   -7.820    2.0  8.32e+07 's' 'p'
  6707.716  5.542 -9.676   -7.800    6.0  1.58e+08 'p' 'd'
  6707.716  5.542 -8.453   -7.800    6.0  1.58e+08 'p' 'd'
  6710.592  4.354 -5.970   -7.570    6.0  2.00e+08 's' 'p'
  6711.474  3.378 -4.782   -7.820    4.0  8.32e+07 's' 'p'
  6712.891  5.520 -9.107   -7.780    4.0  1.86e+08 'p' 'd'
  6718.380  5.214 -9.537   -7.080    4.0  1.10e+08 'p' 's'
'25.000'      2       15
'Comment'
  6703.483 10.184 -4.122   -7.700    9.0  1.07e+09 'd' 'p'
  6704.288  6.495 -4.883   -7.890    9.0  2.82e+08 's' 'p'
  6705.322  4.328 -8.630   -7.920    5.0  1.00e+05 'd' 's'
  6706.622 11.414 -9.166   -7.670    5.0  1.00e+09 'p' 's'
  6707.117 10.185 -3.233   -7.700    9.0  1.07e+09 'd' 'p'
  6707.176  9.244 -8.630   -7.670    9.0  8.13e+08 's' 'p'
  6708.611 11.414 -5.869   -7.670    3.0  1.00e+09 'p' 's'
  6709.791  6.645 -3.644   -7.870    3.0  4.79e+08 'd' 'p'
  6710.552 10.270 -6.536   -7.470    7.0  6.17e+08 'p' 's'
  6711.404 11.414 -5.636   -7.670    1.0  1.00e+09 'p' 's'
  6716.278  4.340 -8.320   -7.930    7.0  1.00e+05 'd' 's'
  6716.278  4.340 -9.516   -7.930    7.0  1.00e+05 'd' 's'
  6716.625 11.417 -5.684   -7.670    5.0  1.00e+09 'p' 's'
  6718.616  4.823 -9.457   -8.030    7.0  1.00e+05 'd' 'd'
  6719.758  4.340 -9.307   -7.920    9.0  1.00e+05 'd' 's'
'26.000'      1       80
'Comment'
  6700.453  5.507 -8.941   -7.180    7.0  5.37e+07 'p' 's'
  6700.885  5.067 -4.037   -7.720    7.0  1.15e+08 'd' 'p'
  6700.890  4.473 -5.913   -7.540    5.0  2.95e+08 'p' 's'
  6701.378  5.507 -7.737   -7.180    7.0  5.37e+07 'p' 's'
  6701.378  5.507 -7.879   -7.180    9.0  5.37e+07 'p' 's'
  6701.494  4.549 -4.666   -7.500    7.0  2.14e+08 'p' 's'
  6701.496  5.273 -2.808   -7.310    5.0  6.03e+07 'p' 's'
  6701.530  4.985 -6.984   -7.420    7.0  4.79e+07 'p' 'd'
  6702.263  5.507 -7.102   -7.180    9.0  5.37e+07 'p' 's'
  6702.263  5.507 -7.904   -7.180   11.0  5.37e+07 'p' 's'
  6702.890  5.507 -7.003   -7.180   11.0  5.37e+07 'p' 's'
  6702.989  5.614 -7.874   -7.180    7.0  7.08e+07 'p' 's'
  6703.420  3.642 -4.774   -7.800    5.0  7.76e+07 's' 'p'
  6703.566  2.759 -3.160  320.264    7.0  1.20e+08 's' 'p'
  6704.365  5.796 -7.054   -7.010    9.0  1.15e+08 'p' 's'
  6704.366  5.796 -2.859   -7.120    7.0  1.23e+08 'p' 's'
  6704.369  5.796 -7.262   -7.010    9.0  1.15e+08 'p' 's'
  6704.480  4.218 -2.660   -7.540    5.0  2.57e+08 'p' 's'
  6704.917  5.614 -8.753   -7.180    5.0  7.08e+07 'p' 's'
  6704.917  5.614 -8.680   -7.180    7.0  7.08e+07 'p' 's'
  6705.101  4.607 -1.392   -7.480    5.0  2.51e+08 'p' 's'
  6705.134  4.956 -2.379   -7.420    5.0  4.90e+08 'p' 'd'
  6705.704  5.446 -3.488   -7.300    7.0  2.29e+08 'X' 'X'
  6705.895  2.759 -5.910   -7.770    5.0  1.70e+08 's' 'p'
  6705.992  5.607 -6.867   -7.110    5.0  1.02e+08 'p' 's'
  6707.070  5.273 -3.921   -7.290    7.0  6.03e+07 'p' 's'
  6707.147  5.330 -7.853   -7.160   11.0  4.17e+07 'p' 's'
  6707.172  5.538 -3.928   -7.120    5.0  1.48e+08 'p' 's'
  6707.431  4.608 -3.917   -7.480    5.0  2.00e+08 'p' 's'
  6708.163  5.616 -9.026   -7.180   11.0  2.63e+07 'p' 's'
  6708.282  4.988 -1.280   -7.310    5.0  4.68e+08 'p' 's'
  6708.347  5.486 -2.506   -7.140   13.0  9.33e+07 'p' 's'
  6708.534  5.558 -4.242   -7.130    3.0  2.04e+08 'p' 's'
  6708.577  5.446 -2.728   -7.400    5.0  3.02e+08 'p' 's'
  6708.843  5.616 -9.912   -7.180    9.0  2.63e+07 'p' 's'
  6709.058  5.010 -1.938   -7.310    3.0  4.68e+08 'p' 's'
  6709.464  4.473 -5.345   -7.550    9.0  2.09e+08 'p' 's'
  6709.564  5.385 -5.235   -7.300    9.0  2.82e+08 's' 'p'
  6709.725  5.587 -7.050   -7.320    9.0  1.10e+08 'd' 'f'
  6710.085  5.616 -7.911   -7.180   13.0  2.63e+07 'p' 's'
  6710.087  5.616 -9.642   -7.180   11.0  2.63e+07 'p' 's'
  6710.318  1.485 -4.880  252.246   11.0  1.86e+07 's' 'p'
  6711.169  5.614 -2.788   -7.080    3.0  1.02e+08 'p' 's'
  6711.386  5.385 -4.483   -7.340    5.0  1.95e+08 's' 's'
  6711.758  5.341 -4.072   -7.330    5.0  1.32e+08 'p' 's'
  6711.820  4.956 -0.880   -7.310    7.0  4.68e+08 'p' 's'
  6712.116  5.314 -5.534   -7.320    3.0  5.75e+07 'p' 's'
  6712.438  4.988 -2.160 1055.301    7.0  4.90e+08 'p' 'd'
  6712.506  5.478 -2.550   -7.480    3.0  1.62e+08 'X' 'X'
  6712.674  2.588 -3.798   -7.780    9.0  9.77e+07 's' 'p'
  6713.046  4.607 -0.963   -7.530    5.0  2.69e+08 'p' 's'
  6713.195  4.143 -2.965   -7.700    5.0  2.45e+08 'd' 'p'
  6713.295  5.558 -7.475   -7.180    3.0  1.70e+08 'p' 's'
  6713.507  5.558 -7.431   -7.180    3.0  1.70e+08 'p' 's'
  6713.521  5.587 -2.998   -7.250    7.0  1.41e+08 'd' 'f'
  6713.743  4.796 -1.600  857.272    5.0  2.57e+08 'p' 'd'
  6714.096  5.486 -3.739   -7.140    9.0  1.00e+08 'p' 's'
  6715.297  4.580 -4.751   -7.450    3.0  4.90e+07 's' 's'
  6715.344  5.372 -4.283   -7.300    5.0  1.23e+08 'p' 's'
  6715.382  4.608 -1.640  777.208    5.0  2.14e+08 'p' 's'
  6715.493  5.507 -3.187   -7.320    9.0  1.70e+08 'p' 's'
  6715.496  4.580 -5.611   -7.450    5.0  4.79e+07 's' 's'
  6715.656  5.410 -5.017   -7.360    3.0  2.00e+08 's' 's'
  6715.671  5.587 -5.167   -7.330    5.0  1.38e+08 'd' 'f'
  6715.870  5.587 -3.244   -7.280    7.0  1.29e+08 'd' 'f'
  6716.006  5.587 -6.354   -7.330    9.0  1.15e+08 'd' 'f'
  6716.236  4.580 -1.920  274.260    7.0  6.61e+07 's' 'p'
  6716.406  5.020 -4.537   -7.420    3.0  4.90e+08 'p' 'd'
  6716.806  4.549 -6.745   -7.520    7.0  3.31e+08 'p' 's'
  6716.810  5.458 -3.835   -7.270    9.0  6.46e+07 'p' 'd'
  6717.190  5.486 -6.756   -7.120   11.0  8.32e+07 'p' 's'
  6717.302  5.067 -2.182   -7.730    5.0  1.95e+08 'd' 'p'
  6717.526  4.607 -2.671   -7.570    3.0  3.16e+08 'p' 's'
  6717.988  5.632 -9.368   -7.180    9.0  2.51e+07 'p' 's'
  6717.992  5.632 -8.009   -7.180   11.0  2.51e+07 'p' 's'
  6718.400  5.486 -3.496   -7.120   13.0  8.51e+07 'p' 's'
  6718.881  5.512 -8.356   -7.180    3.0  5.25e+07 'p' 's'
  6719.085  5.519 -3.105   -7.260    7.0  1.45e+08 'X' 'X'
  6719.173  5.386 -7.811   -7.140    9.0  2.34e+07 'p' 's'
  6719.412  5.512 -7.955   -7.180    3.0  5.25e+07 'p' 's'
'26.000'      2       161
'Comment'
  6700.006  8.630 -6.454   -7.740   10.0  1.12e+09 'p' 'd'
  6700.500 13.478 -3.585   -7.440   10.0  1.05e+09 'd' 'f'
  6700.571 11.196 -2.861   -7.630    8.0  7.24e+08 'p' 'd'
  6700.641  1.965 -9.072   -7.940    8.0  1.00e+05 'p' 'd'
  6700.783 11.444 -3.757   -7.900   10.0  1.41e+09 'p' 'd'
  6700.912 11.444 -5.245  184.217   10.0  1.00e+05 'p' 'd'
  6701.244  6.138 -4.518  184.207    6.0  2.95e+08 's' 'p'
  6701.548 11.017 -2.122   -7.670   10.0  8.32e+08 'p' 'd'
  6701.992 11.145 -4.070  389.278   10.0  7.41e+08 'p' 'd'
  6701.994 12.891 -7.387   -7.300   14.0  7.41e+08 'd' 'f'
  6702.088  7.804 -4.300  489.229   10.0  8.32e+08 'p' 's'
  6702.140 11.740 -5.102   -7.680    4.0  6.92e+08 'p' 's'
  6702.168 12.891 -9.300   -7.300   12.0  7.41e+08 'd' 'f'
  6702.459 12.891 -8.671   -7.300   14.0  7.41e+08 'd' 'f'
  6702.464 12.891 -8.252   -7.300   12.0  7.41e+08 'd' 'f'
  6702.635 13.575 -9.238   -7.430   10.0  1.78e+09 'd' 'f'
  6702.908 13.573 -8.039   -7.430   12.0  1.66e+09 'd' 'f'
  6703.087 12.175 -6.198   -7.420    2.0  3.24e+08 'd' 'f'
  6703.138 12.954 -8.706   -7.300   10.0  6.76e+08 'd' 'f'
  6703.203 11.051 -2.559   -7.590    6.0  7.76e+08 'p' 'd'
  6703.309 12.793 -6.243   -7.540    6.0  1.91e+09 'p' 'd'
  6703.337 13.457 -1.813   -7.640    8.0  1.48e+09 'd' 'f'
  6703.661 11.746 -4.147   -7.690    6.0  8.91e+08 'p' 's'
  6703.955 12.816 -4.910   -7.520    4.0  1.82e+09 'd' 'f'
  6704.147  7.845 -4.017  222.193    8.0  3.98e+08 'p' 's'
  6704.147 12.892 -9.907   -7.300    6.0  7.08e+08 'd' 'f'
  6704.221 13.432 -3.238   -7.590   14.0  1.07e+09 'd' 'f'
  6704.317 13.573 -8.445   -7.460   10.0  1.74e+09 'd' 'f'
  6704.588 13.646 -1.447   -7.500   12.0  2.95e+08 'p' 'd'
  6704.630 13.573 -8.921   -7.570    8.0  1.82e+09 'd' 'f'
  6704.636 12.262 -4.765   -7.420   10.0  5.37e+08 'd' 'f'
  6704.854 11.196 -0.812   -7.540   10.0  3.98e+08 'p' 'd'
  6704.882  9.742 -3.263  273.217    8.0  3.98e+08 's' 'p'
  6704.949 12.892 -8.924   -7.300    8.0  7.08e+08 'd' 'f'
  6705.241 13.613 -0.917   -7.500   14.0  4.07e+08 'p' 'd'
  6705.407 12.206 -3.908   -7.390   12.0  6.03e+08 'd' 'f'
  6705.425 12.893 -9.580   -7.300    6.0  4.79e+08 'd' 'f'
  6705.558 12.262 -5.749   -7.420    8.0  5.37e+08 'd' 'f'
  6705.681 12.262 -5.590   -7.420   10.0  5.37e+08 'd' 'f'
  6705.752  7.727 -3.457  224.188   10.0  2.95e+08 'p' 's'
  6705.816 12.892 -8.396   -7.300   10.0  7.08e+08 'd' 'f'
  6705.865 13.626 -2.222   -7.590   10.0  8.51e+08 'd' 'f'
  6705.972 14.006 -4.735   -7.460    6.0  1.66e+09 'd' 'f'
  6706.078 10.866 -2.918    2.500    4.0  1.00e+05 'p' 's'
  6706.228 12.893 -8.679   -7.300    8.0  4.79e+08 'd' 'f'
  6706.229 12.893 -8.293   -7.300    6.0  4.79e+08 'd' 'f'
  6706.231 10.866 -2.058   -7.480    4.0  5.89e+08 'p' 's'
  6706.254  9.742 -4.157  273.216   10.0  4.17e+08 's' 'p'
  6706.449 11.591 -2.902  371.278   10.0  1.10e+09 'p' 'd'
  6706.464 12.175 -6.403   -7.420    2.0  3.24e+08 'd' 'f'
  6706.516 12.175 -5.413   -7.420    4.0  3.24e+08 'd' 'f'
  6706.538 12.892 -9.869   -7.300   10.0  7.08e+08 'd' 'f'
  6706.653 13.478 -4.067   -7.580    8.0  9.33e+08 'd' 'f'
  6706.885  5.956 -4.504  209.241    8.0  3.80e+08 'd' 'p'
  6707.094 12.893 -8.276   -7.300   10.0  4.79e+08 'd' 'f'
  6707.097 12.893 -8.857   -7.300    8.0  4.79e+08 'd' 'f'
  6707.225 11.196 -3.722   -7.500    6.0  2.57e+08 'p' 'd'
  6707.255 10.600 -6.570   -7.740    6.0  9.12e+08 'd' 'p'
  6707.424 12.225 -6.175   -7.420    8.0  3.24e+08 'd' 'f'
  6707.540 11.207 -3.016   -7.620    8.0  7.41e+08 'p' 'd'
  6707.545 11.050 -3.284   -7.650    6.0  8.13e+08 'p' 'd'
  6707.741 13.436 -3.065   -7.590   10.0  1.26e+09 'd' 'f'
  6707.752 13.407 -3.503   -7.590   12.0  1.70e+09 'd' 'f'
  6707.817 12.893 -7.908   -7.300   10.0  4.79e+08 'd' 'f'
  6707.822 11.591 -2.892  369.275   10.0  1.07e+09 'p' 'd'
  6707.999 13.479 -4.148   -7.580    8.0  7.08e+08 'd' 'f'
  6708.057 11.591 -4.148   -7.740   12.0  1.10e+09 'p' 'd'
  6708.064 13.962 -3.018   -7.310    6.0  6.03e+08 'd' 'f'
  6708.113 12.262 -7.279   -7.420    6.0  5.37e+08 'd' 'f'
  6708.155 14.006 -6.046   -7.460   10.0  1.32e+09 'd' 'f'
  6708.170 12.262 -6.406   -7.420    8.0  5.37e+08 'd' 'f'
  6708.186 11.125 -4.475   -7.510    4.0  4.47e+08 'p' 'd'
  6708.526 13.575 -9.306   -7.430   12.0  1.62e+09 'd' 'f'
  6708.879 10.909 -0.653   -7.590    8.0  1.07e+09 'd' 'f'
  6709.036 11.741 -3.388   -7.680    4.0  8.13e+08 'p' 's'
  6709.265 13.432 -2.356   -7.590   16.0  8.71e+08 'd' 'f'
  6709.452 12.206 -5.170   -7.390   10.0  5.62e+08 'd' 'f'
  6709.764 12.225 -4.274   -7.420    8.0  3.24e+08 'd' 'f'
  6709.846 12.225 -4.939   -7.420   10.0  3.24e+08 'd' 'f'
  6709.919 13.350 -4.155   -7.470   10.0  4.37e+08 'p' 's'
  6709.940 12.225 -2.571   -7.420   12.0  3.24e+08 'd' 'f'
  6710.485 12.193 -5.688   -7.310    6.0  6.17e+08 'p' 's'
  6710.530 12.954 -6.722   -7.300   10.0  6.76e+08 'd' 'f'
  6710.531 13.457 -1.911   -7.590   10.0  8.91e+08 'd' 'f'
  6710.563 12.954 -8.179   -7.300    8.0  6.76e+08 'd' 'f'
  6710.627 13.457 -2.136   -7.590    8.0  9.33e+08 'd' 'f'
  6710.974  6.226 -5.845   -7.890    8.0  3.16e+08 's' 'p'
  6711.037 12.262 -7.804   -7.420    6.0  5.37e+08 'd' 'f'
  6711.039 12.225 -3.226   -7.420   10.0  3.24e+08 'd' 'f'
  6711.096 12.225 -5.418   -7.420   12.0  3.24e+08 'd' 'f'
  6711.469 11.659 -4.858  406.275    2.0  1.10e+09 'p' 'd'
  6711.651 11.051 -3.617   -7.700    6.0  1.02e+09 'p' 'd'
  6711.838 10.348 -4.354   -7.750    6.0  1.07e+09 'd' 'p'
  6711.940 12.895 -8.250   -7.300    6.0  1.86e+08 'd' 'f'
  6712.337 10.522 -4.354  364.276   10.0  1.38e+09 'd' 'p'
  6712.419 13.436 -6.699   -7.590   10.0  1.38e+09 'd' 'f'
  6712.523 12.175 -5.365   -7.420    4.0  3.24e+08 'd' 'f'
  6712.536 10.937 -4.597   -7.730    8.0  8.71e+08 'p' 'd'
  6712.588 12.175 -5.306   -7.420    6.0  3.24e+08 'd' 'f'
  6712.647 11.208 -2.517   -7.620    8.0  7.41e+08 'p' 'd'
  6712.744 12.895 -7.275   -7.300    8.0  1.86e+08 'd' 'f'
  6712.745 12.895 -7.964   -7.300    6.0  1.86e+08 'd' 'f'
  6712.856 13.436 -3.636   -7.560    8.0  1.41e+09 'd' 'f'
  6712.900 13.457 -2.506   -7.440    6.0  1.20e+09 'd' 'f'
  6712.989 13.626 -1.404   -7.590   10.0  1.32e+09 'd' 'f'
  6713.085  9.700 -3.415  481.237    8.0  8.51e+08 's' 'p'
  6713.164 12.193 -4.910   -7.320    4.0  6.03e+08 'p' 's'
  6713.327 12.206 -2.290   -7.410    8.0  8.71e+08 'd' 'f'
  6713.340 13.448 -2.459   -7.590   14.0  8.91e+08 'd' 'f'
  6713.343 11.219 -4.339   -7.640    6.0  6.92e+08 'p' 'd'
  6713.613 12.895 -7.068   -7.300   10.0  1.86e+08 'd' 'f'
  6713.616 12.895 -7.097   -7.300    8.0  1.86e+08 'd' 'f'
  6714.129 12.968 -9.779   -7.300   12.0  2.04e+08 'd' 'f'
  6714.337 12.895 -6.722   -7.300   10.0  1.86e+08 'd' 'f'
  6714.436 14.006 -4.317   -7.460   10.0  1.38e+09 'd' 'f'
  6714.504 11.749 -6.212   -7.690    6.0  5.75e+08 'p' 's'
  6714.565 12.368 -6.432   -7.370    8.0  8.71e+08 'p' 'd'
  6714.816 11.237 -6.398   -7.740    4.0  1.26e+09 'p' 'd'
  6715.012 10.329 -7.140   -7.750    4.0  9.77e+08 'd' 'p'
  6715.110  8.568 -5.438   -7.750    4.0  1.12e+09 'p' 'd'
  6715.145 14.009 -4.295   -7.310    6.0  1.02e+09 'd' 'f'
  6715.869 12.819 -5.556   -7.520    4.0  1.78e+09 'd' 'f'
  6715.921  9.576 -4.718    2.500   10.0  1.00e+05 's' 'p'
  6716.035  9.576 -5.617   -7.910   10.0  1.55e+08 's' 'p'
  6716.082 11.000 -5.265   -7.660   10.0  5.25e+08 'p' 's'
  6716.126 10.937 -5.481   -7.700    8.0  8.51e+08 'p' 's'
  6716.336 13.407 -1.857   -7.590   16.0  8.71e+08 'd' 'f'
  6716.583 11.232 -4.004   -7.640    2.0  7.24e+08 'p' 'd'
  6717.169 13.462 -2.126   -7.590   10.0  1.74e+09 'd' 'f'
  6717.170 10.379 -4.049  386.285   10.0  1.00e+05 'd' 'p'
  6717.192 11.149 -3.469   -7.610   10.0  5.13e+08 'p' 'd'
  6717.264 10.379 -3.987   -7.750   10.0  9.33e+08 'd' 'p'
  6717.482 13.439 -1.636   -7.590   12.0  1.32e+09 'd' 'f'
  6717.571 13.626 -2.295   -7.590    8.0  9.55e+08 'd' 'f'
  6717.706 13.407 -1.520   -7.590   14.0  8.91e+08 'd' 'f'
  6717.832 11.409 -4.776   -7.720    8.0  7.59e+08 'p' 'd'
  6717.835 12.195 -4.782   -7.310    6.0  4.57e+08 'p' 's'
  6717.919 13.432 -1.749   -7.590   18.0  8.71e+08 'd' 'f'
  6717.919 11.634 -4.812  494.221    6.0  8.91e+08 'p' 's'
  6717.923 13.439 -4.633   -7.590   10.0  1.29e+09 'd' 'f'
  6717.962 11.050 -0.968   -7.510    8.0  3.24e+08 'p' 'd'
  6718.074 11.396 -4.508   -7.550    6.0  6.92e+08 'p' 'd'
  6718.075 11.112 -4.845   -7.700    6.0  1.15e+09 'p' 'd'
  6718.083 12.934 -9.094   -7.300   14.0  7.08e+08 'd' 'f'
  6718.240 11.591 -3.512  370.278    8.0  1.07e+09 'p' 'd'
  6718.373 12.167 -1.330   -7.390   14.0  5.50e+08 'd' 'f'
  6718.883 11.238 -2.662   -7.620    4.0  7.59e+08 'p' 'd'
  6719.095 13.439 -1.711   -7.590   12.0  1.32e+09 'd' 'f'
  6719.191 10.348 -5.691   -7.750    4.0  1.23e+09 'd' 'p'
  6719.269 11.634 -5.820   -7.740    8.0  1.10e+09 'p' 'd'
  6719.289 11.076 -2.676   -7.640    6.0  7.41e+08 'p' 'd'
  6719.432 13.962 -3.001   -7.310    8.0  9.12e+08 'd' 'f'
  6719.537 13.439 -3.330   -7.590   10.0  1.29e+09 'd' 'f'
  6719.584 13.962 -3.695   -7.310   10.0  1.00e+09 'd' 'f'
  6719.616  9.905 -4.466  515.218    8.0  5.13e+08 's' 'p'
  6719.618 11.591 -4.932   -7.740    8.0  1.05e+09 'p' 'd'
  6719.633 12.934 -7.936   -7.300   16.0  7.08e+08 'd' 'f'
  6719.640 10.930 -0.791   -7.590    4.0  1.07e+09 'd' 'f'
  6719.850 12.360 -3.201   -7.680    8.0  7.08e+08 's' 'p'
  6719.913 12.175 -5.240   -7.420    6.0  3.24e+08 'd' 'f'
  6719.917 11.000 -4.906   -7.660   12.0  7.59e+08 'p' 'd'
'27.000'      1       9
'Comment'
  6701.057  1.883 -6.148   -7.800    6.0  1.20e+07 's' 'p'
  6702.513  4.191 -5.339   -7.550    6.0  8.32e+07 'p' 's'
  6703.907  4.916 -0.718   -7.510    6.0  5.50e+08 'p' 'd'
  6705.867  5.593 -7.470   -7.580    8.0  1.38e+08 'p' 's'
  6712.496  5.062 -0.667   -7.490    4.0  4.90e+08 'p' 'd'
  6712.759  4.815 -1.582   -7.440   10.0  1.15e+08 'p' 'd'
  6715.755  4.823 -4.974   -7.530    8.0  1.91e+08 'p' 'd'
  6717.564  4.240 -1.961   -7.550    4.0  2.57e+08 'p' 's'
  6718.694  4.816 -2.980   -7.440   10.0  1.15e+08 'p' 'd'
'27.000'      2       9
'Comment'
  6703.654 12.185 -0.077   -7.500    7.0  5.25e+08 'X' 'X'
  6704.818 12.114 -1.049   -7.510    7.0  3.72e+08 'p' 'd'
  6705.381 11.932 -0.941   -7.500    9.0  3.02e+08 'p' 'd'
  6705.993 11.900 -1.444   -7.630    7.0  7.94e+08 'p' 'd'
  6706.021 10.801 -7.988   -7.690    7.0  7.08e+08 'p' 's'
  6707.586 11.932 -1.326   -7.500   13.0  3.02e+08 'p' 'd'
  6707.736 12.186 -0.269   -7.500    7.0  3.80e+08 'X' 'X'
  6712.658 11.863 -3.796   -7.660    7.0  1.15e+09 'p' 'd'
  6716.869 10.627 -4.335   -7.680    3.0  7.59e+08 'p' 's'
'28.000'      1       7
'Comment'
  6700.897  4.266 -2.199   -7.500    5.0  2.75e+08 'p' 'd'
  6703.177  5.467 -4.237   -7.500    5.0  2.14e+08 'p' 'd'
  6704.209  5.481 -4.146   -7.170    5.0  1.45e+08 'p' 'd'
  6710.349  5.283 -1.756   -7.310    9.0  1.48e+08 's' 'p'
  6711.579  1.986 -3.991   -7.800    3.0  5.25e+07 's' 'p'
  6716.132  1.951 -4.399   -7.810    5.0  9.33e+07 's' 'p'
  6716.746  5.284 -5.488   -7.150    5.0  4.07e+08 'p' 's'
'28.000'      2       43
'Comment'
  6701.187 12.567 -2.679   -7.780    8.0  9.55e+08 'd' 'p'
  6701.668 14.903 -4.712   -7.170    6.0  3.47e+08 'd' 'f'
  6701.677 13.159 -2.594   -7.630    6.0  6.17e+08 's' 'p'
  6702.387 14.476 -2.477   -7.350    6.0  3.80e+08 'p' 'd'
  6702.751 14.667 -5.323   -7.490    6.0  2.45e+08 's' 'p'
  6703.605 14.903 -4.644   -7.170    6.0  3.09e+08 'd' 'f'
  6703.897 14.141 -2.341   -7.680   10.0  1.02e+09 'd' 'f'
  6704.239 14.742 -3.158   -7.220    8.0  5.37e+08 'd' 'f'
  6704.288 14.406 -2.656   -7.460    6.0  1.15e+09 'd' 'f'
  6705.205 12.568 -3.221   -7.780    8.0  9.33e+08 'd' 'p'
  6705.313 13.159 -1.761   -7.640    4.0  6.46e+08 's' 'p'
  6705.336 13.159 -2.777   -7.590    4.0  6.46e+08 'd' 'f'
  6705.947 14.403 -4.397   -7.460    4.0  1.12e+09 'd' 'f'
  6706.321 14.243 -3.168   -7.600    8.0  2.00e+09 'd' 'p'
  6706.564 14.733 -5.687   -7.480    6.0  3.31e+08 'd' 'f'
  6706.690 14.733 -5.570   -7.330    8.0  3.09e+08 'd' 'f'
  6706.694 14.141 -2.431   -7.680    8.0  1.02e+09 'd' 'f'
  6706.721 14.141 -2.868   -7.680   10.0  1.02e+09 'd' 'f'
  6706.726 14.356 -2.950   -7.350    4.0  7.08e+08 'X' 'X'
  6706.757  9.897 -3.274   -7.690    6.0  8.91e+08 'p' 's'
  6708.346 14.269 -3.986   -7.620    6.0  1.78e+09 's' 'p'
  6708.530 14.493 -4.730   -7.340    6.0  5.62e+08 'p' 'd'
  6709.147 12.185 -3.618   -7.780    8.0  7.24e+08 'p' 'd'
  6710.075 14.141 -2.994   -7.680    6.0  1.02e+09 'd' 'f'
  6710.097 14.141 -2.819   -7.680    8.0  1.02e+09 'd' 'f'
  6710.805 12.294 -3.236   -7.780    8.0  1.70e+09 'd' 'p'
  6710.899 10.927 -8.249   -7.730    6.0  6.31e+08 'p' 'd'
  6710.926 14.903 -5.173   -7.180    8.0  3.02e+08 'd' 'f'
  6711.242 12.185 -5.571   -7.780   10.0  7.08e+08 'p' 'd'
  6711.318 14.403 -3.120   -7.460    2.0  1.15e+09 'd' 'f'
  6711.620 14.744 -4.759   -7.220    8.0  2.29e+08 'd' 'f'
  6711.620 13.143 -1.759   -7.580    8.0  6.61e+08 's' 'p'
  6712.044 14.669 -3.192   -7.490    6.0  2.51e+08 's' 'p'
  6712.337 14.906 -4.283   -7.170    6.0  3.39e+08 'd' 'f'
  6712.774 14.793 -1.871   -7.490    6.0  1.02e+09 's' 'p'
  6713.017 14.141 -3.229   -7.680    6.0  1.02e+09 'd' 'f'
  6715.578 12.126 -6.233   -7.780    6.0  7.76e+08 'p' 'd'
  6715.615 14.745 -4.501   -7.220    8.0  3.98e+08 'd' 'f'
  6716.630 14.406 -3.921   -7.460    4.0  7.94e+08 'd' 'f'
  6717.338 14.745 -4.227   -7.220    8.0  2.34e+08 'd' 'f'
  6717.596 14.476 -1.677   -7.350    8.0  3.80e+08 'p' 'd'
  6718.350 14.700 -1.755   -7.490    6.0  3.89e+08 'p' 's'
  6719.587 12.440 -3.606   -7.780    8.0  1.00e+09 'd' 'p'
'29.000'      2       2
'Comment'
  6716.706 14.987 -2.192   -7.490    5.0  7.08e+08 'p' 's'
  6717.692 13.684 -2.120    2.500    5.0  1.00e+05 's' 'p'
'39.000'      1       7
'Comment'
  6700.703  2.295  0.056   -7.680    8.0  5.62e+07 's' 'p'
  6708.392  2.669 -1.471   -7.510    6.0  1.07e+08 'p' 's'
  6709.773  4.196 -0.909   -6.780    6.0  8.32e+07 'd' 'f'
  6713.145  2.669 -0.187   -7.510    4.0  1.12e+08 'p' 's'
  6713.628  3.594 -1.118   -7.390    6.0  1.70e+08 'p' 'd'
  6715.664  4.235 -4.427   -7.120    6.0  6.31e+07 'd' 'f'
  6716.725  2.359 -1.371   -7.730    2.0  5.50e+07 'p' 's'
'39.000'      2       2
'Comment'
  6712.017  9.247 -2.024   -7.120    7.0  3.31e+08 'd' 'f'
  6712.052  6.909 -1.596   -7.560    3.0  6.46e+08 's' 'p'
'40.000'      1       3
'Comment'
  6702.120  1.443 -1.930    2.500    5.0  1.00e+05 's' 'p'
  6709.610  0.520 -2.630    2.500    3.0  1.00e+05 's' 'p'
  6717.880  1.366 -1.610    2.500    7.0  1.00e+05 's' 'p'
'41.000'      1       1
'Comment'
  6701.219  1.676 -1.480    2.500   10.0  1.00e+05 's' 'p'
'42.000'      1       2
'Comment'
  6703.059  4.204 -1.442    2.500   11.0  1.00e+05 's' 'p'
  6717.438  3.675 -1.598    2.500    5.0  1.00e+05 's' 'p'
'44.000'      1       2
'Comment'
  6707.536  2.900 -1.240    2.500   11.0  1.00e+05 'd' 'p'
  6718.304  3.473 -0.530    2.500    9.0  1.00e+05 'X' 'X'
'55.000'      1       1
'Comment'
  6707.566  1.798 -3.265    2.500    2.0  1.00e+05 'd' 'p'
'57.000'      1       1
'Comment'
  6709.480  0.373 -1.000    2.500    8.0  1.00e+05 'X' 'X'
'57.000'      2       2
'Comment'
  6714.113  2.763 -0.930    2.500    9.0  1.00e+05 'd' 'p'
  6718.643  3.040 -1.090    2.500    7.0  1.00e+05 'd' 'p'
'58.000'      1       4
'Comment'
  6700.664  1.607  0.236    2.500   15.0  1.00e+05 'X' 'X'
  6704.272  0.274 -0.953    2.500   11.0  1.00e+05 'X' 'X'
  6710.087  0.384 -1.911    2.500    9.0  1.00e+05 'X' 'X'
  6713.473  0.552 -1.377    2.500   11.0  1.00e+05 'X' 'X'
'58.000'      2       30
'Comment'
  6700.162  4.142 -3.740    2.500    8.0  1.00e+05 'X' 'X'
  6700.839  1.027 -2.880    2.500    6.0  1.00e+05 'd' 'f'
  6702.330  2.004 -2.300    2.500   10.0  1.00e+05 'X' 'X'
  6703.478  4.105 -2.320    2.500    6.0  1.00e+05 'X' 'X'
  6704.014  0.740 -3.740    2.500   14.0  1.00e+05 'X' 'X'
  6704.524  2.474  0.070    2.500   12.0  1.00e+05 'd' 'p'
  6704.724  2.568 -2.970    2.500    8.0  1.00e+05 'X' 'X'
  6705.527  2.229 -1.250    2.500    6.0  1.00e+05 'd' 'p'
  6706.051  1.838 -0.890    2.500   10.0  1.00e+05 'X' 'X'
  6706.307  3.195 -2.400    2.500   12.0  1.00e+05 'd' 'f'
  6707.120  1.296 -3.760    2.500    6.0  1.00e+05 'X' 'X'
  6708.078  2.250 -2.570    2.500    4.0  1.00e+05 'X' 'X'
  6708.099  0.701 -2.120    2.500   12.0  1.00e+05 'd' 'f'
  6709.141  1.709 -2.080    2.500    6.0  1.00e+05 'X' 'X'
  6710.417  2.250 -3.700    2.500    6.0  1.00e+05 'X' 'X'
  6710.605  2.145 -3.010    2.500   10.0  1.00e+05 'X' 'X'
  6710.789  2.008 -3.160    2.500   12.0  1.00e+05 's' 'p'
  6712.986  2.470 -3.170    2.500    6.0  1.00e+05 'X' 'X'
  6713.074  1.482 -3.080    2.500   10.0  1.00e+05 'X' 'X'
  6713.665  2.000 -2.040    2.500    6.0  1.00e+05 's' 'p'
  6713.940  2.040 -2.410    2.500    8.0  1.00e+05 'X' 'X'
  6714.053  4.173 -2.080    2.500   10.0  1.00e+05 'X' 'X'
  6716.396  1.889 -1.570    2.500    4.0  1.00e+05 'd' 'p'
  6716.839  3.728 -3.360    2.500   10.0  1.00e+05 'X' 'X'
  6716.962  2.004 -2.830    2.500    6.0  1.00e+05 'X' 'X'
  6717.159  2.008 -2.380    2.500   10.0  1.00e+05 'X' 'X'
  6717.251  1.339 -2.890    2.500    4.0  1.00e+05 'X' 'X'
  6718.874  2.478 -1.880    2.500   12.0  1.00e+05 'X' 'X'
  6719.102  0.704 -3.340    2.500   12.0  1.00e+05 'd' 'f'
  6719.238  2.949 -1.600    2.500    4.0  1.00e+05 'X' 'X'
'60.000'      1       1
'Comment'
  6712.270  1.821  0.140    2.500   21.0  1.00e+05 'd' 'f'
'60.000'      2       1
'Comment'
  6714.132  1.974 -1.030    2.500   14.0  1.00e+05 'X' 'X'
'62.000'      1       1
'Comment'
  6703.609  2.189  0.089    2.500   15.0  1.00e+05 'p' 's'
'62.000'      2       2
'Comment'
  6707.473  0.933 -1.910    2.500    6.0  1.00e+05 'X' 'X'
  6712.598  1.493 -1.981    2.500    8.0  1.00e+05 'X' 'X'
'63.000'      1       2
'Comment'
  6701.039  2.411 -0.610    2.500   10.0  1.00e+05 'd' 'p'
  6710.435  2.698 -0.080    2.500    8.0  1.00e+05 'p' 's'
'64.000'      2       3
'Comment'
  6702.093  2.311 -1.150    2.500   14.0  1.00e+05 'd' 'p'
  6704.147  1.621 -1.710    2.500    8.0  1.00e+05 'd' 'p'
  6718.130  2.316 -0.860    2.500   14.0  1.00e+05 'd' 'p'
'66.000'      1       1
'Comment'
  6713.040  1.930 -1.140    2.500   19.0  1.00e+05 'X' 'X'
'66.000'      2       1
'Comment'
  6700.640  1.841 -1.620    2.500   18.0  1.00e+05 'X' 'X'
'68.000'      1       1
'Comment'
  6701.749  2.111 -0.646    2.500   13.0  1.00e+05 's' 's'
'69.000'      2       23
'Comment'
  6700.091  4.324 -2.240    2.500    9.0  1.00e+05 'X' 'X'
  6701.506  4.660 -2.460    2.500   11.0  1.00e+05 'X' 'X'
  6702.841  4.833 -1.590    2.500   13.0  1.00e+05 'X' 'X'
  6704.531  4.784 -1.600    2.500    7.0  1.00e+05 'X' 'X'
  6705.565  4.723 -1.440    2.500    9.0  1.00e+05 'X' 'X'
  6706.150  5.322 -1.070    2.500   13.0  1.00e+05 'X' 'X'
  6706.262  3.955 -2.360    2.500   11.0  1.00e+05 'X' 'X'
  6706.906  4.988 -2.470    2.500    7.0  1.00e+05 'X' 'X'
  6709.372  4.914 -1.840    2.500    7.0  1.00e+05 'X' 'X'
  6710.507  4.834 -3.110    2.500    5.0  1.00e+05 'X' 'X'
  6711.097  4.834 -2.040    2.500    5.0  1.00e+05 'X' 'X'
  6713.594  4.081 -1.240    2.500   11.0  1.00e+05 'X' 'X'
  6713.801  4.096 -2.240    2.500   13.0  1.00e+05 'X' 'X'
  6713.964  2.725 -3.230    2.500    7.0  1.00e+05 'X' 'X'
  6714.167  4.744 -3.450    2.500    7.0  1.00e+05 'X' 'X'
  6714.573  3.010 -2.720    2.500    9.0  1.00e+05 'X' 'X'
  6715.064  4.836 -2.370    2.500    5.0  1.00e+05 'X' 'X'
  6715.394  4.914 -2.000    2.500   11.0  1.00e+05 'X' 'X'
  6716.206  4.469 -2.620    2.500    7.0  1.00e+05 'X' 'X'
  6718.350  3.958 -1.630    2.500   11.0  1.00e+05 'X' 'X'
  6718.900  4.647 -1.730    2.500    7.0  1.00e+05 'X' 'X'
  6719.217  4.329 -2.050    2.500    9.0  1.00e+05 'X' 'X'
  6719.316  4.778 -3.530    2.500    5.0  1.00e+05 'X' 'X'
'70.000'      2       5
'Comment'
  6705.965  5.856 -3.040    2.500    2.0  1.00e+05 's' 'p'
  6707.603  6.651 -1.380    2.500   10.0  1.00e+05 'd' 'p'
  6710.746  6.950 -1.850    2.500    6.0  1.00e+05 'X' 'X'
  6710.958  8.282 -1.450    2.500    8.0  1.00e+05 'd' 'p'
  6717.997  5.724 -2.270    2.500    8.0  1.00e+05 's' 'p'
'72.000'      1       2
'Comment'
  6713.482  2.004 -1.410    2.500    7.0  1.00e+05 'p' 's'
  6716.021  2.784 -1.340    2.500    3.0  1.00e+05 'p' 's'
'73.000'      1       2
'Comment'
  6706.379  1.874 -1.860    2.500   10.0  1.00e+05 's' 'p'
  6709.363  2.965 -0.870    2.500   10.0  1.00e+05 's' 'p'
'78.000'      1       1
'Comment'
  6710.395  4.683  0.310    2.500    5.0  1.00e+05 'p' 's'
'79.000'      2       1
'Comment'
  6714.085 13.412  0.070    2.500    9.0  1.00e+05 's' 'p'
'81.000'      1       1
'Comment'
  6713.793  3.283 -1.390    2.500    2.0  1.00e+05 's' 'p'
'90.000'      1       2
'Comment'
  6713.970  0.789 -2.279    2.500    5.0  1.00e+05 'X' 'X'
  6719.200  1.305 -1.770    2.500    9.0  1.00e+05 's' 'p'
'90.000'      2       1
'Comment'
  6715.188  0.774 -2.767    2.500    4.0  1.00e+05 's' 's'
'92.000'      2       1
'Comment'
  6717.451  0.936 -2.631    2.500   10.0  1.00e+05 'X' 'X'
' 106.000012'      1       4
'Comment'
  6701.772  2.039 -7.366    2.500   50.0  1.86e+06 'X' 'X'
  6702.095  2.039 -9.727    2.500   48.0  1.86e+06 'X' 'X'
  6702.207  2.039 -7.383    2.500   48.0  1.86e+06 'X' 'X'
  6711.770  1.656 -8.310    2.500   30.0  2.51e+06 'X' 'X'
' 106.000013'      1       3
'Comment'
  6715.328  1.753 -9.826    2.500   40.0  1.86e+06 'X' 'X'
  6715.743  1.704 -8.173    2.500   32.0  2.51e+06 'X' 'X'
  6719.649  1.754 -9.826    2.500   40.0  1.86e+06 'X' 'X'
' 108.000016'      1       25
'Comment'
  6700.919  1.939 -8.013    2.500   40.0  1.00e+05 'X' 'X'
  6704.090  0.600 -8.132    2.500   16.0  1.00e+05 'X' 'X'
  6704.686  0.600 -8.133    2.500   16.0  1.00e+05 'X' 'X'
  6704.742  1.634 -7.571    2.500   24.0  1.00e+05 'X' 'X'
  6704.995  1.031 -8.367    2.500   34.0  1.00e+05 'X' 'X'
  6705.553  1.680 -9.083    2.500    6.0  1.00e+05 'X' 'X'
  6705.581  1.635 -7.571    2.500   24.0  1.00e+05 'X' 'X'
  6705.613  1.032 -8.367    2.500   34.0  1.00e+05 'X' 'X'
  6705.707  1.680 -9.083    2.500    6.0  1.00e+05 'X' 'X'
  6705.987  1.027 -8.345    2.500   36.0  1.00e+05 'X' 'X'
  6706.947  1.028 -8.345    2.500   36.0  1.00e+05 'X' 'X'
  6708.642  1.630 -7.538    2.500   26.0  1.00e+05 'X' 'X'
  6709.228  1.669 -8.380    2.500    8.0  1.00e+05 'X' 'X'
  6709.335  1.705 -9.450    2.500   10.0  1.00e+05 'X' 'X'
  6709.444  1.669 -8.380    2.500    8.0  1.00e+05 'X' 'X'
  6709.757  1.705 -9.450    2.500   10.0  1.00e+05 'X' 'X'
  6710.041  1.631 -7.538    2.500   26.0  1.00e+05 'X' 'X'
  6710.713  1.670 -8.255    2.500    2.0  1.00e+05 'X' 'X'
  6710.785  1.670 -8.256    2.500    2.0  1.00e+05 'X' 'X'
  6714.122  1.763 -7.658    2.500   16.0  1.00e+05 'X' 'X'
  6714.130  1.763 -7.658    2.500   16.0  1.00e+05 'X' 'X'
  6715.842  1.756 -7.615    2.500   18.0  1.00e+05 'X' 'X'
  6716.139  1.756 -7.615    2.500   18.0  1.00e+05 'X' 'X'
  6716.826  1.536 -9.899    2.500   20.0  1.00e+05 'X' 'X'
  6718.690  1.537 -9.899    2.500   20.0  1.00e+05 'X' 'X'
' 112.000024'      1       56
'Comment'
  6700.006  1.289 -4.169    2.500   66.0  2.45e+07 'X' 'X'
  6700.059  1.012 -4.259    2.500   52.0  2.45e+07 'X' 'X'
  6700.437  1.080 -3.603    2.500   30.0  2.45e+07 'X' 'X'
  6701.140  1.080 -3.569    2.500   32.0  2.45e+07 'X' 'X'
  6701.140  1.080 -5.573    2.500   32.0  2.45e+07 'X' 'X'
  6702.307  1.188 -3.875    2.500   50.0  2.45e+07 'X' 'X'
  6702.780  1.188 -3.856    2.500   52.0  2.45e+07 'X' 'X'
  6702.902  1.209 -5.684    2.500   26.0  2.45e+07 'X' 'X'
  6703.015  1.097 -2.688    2.500   38.0  1.15e+07 'X' 'X'
  6703.015  1.097 -2.712    2.500   36.0  1.15e+07 'X' 'X'
  6703.218  1.006 -3.422    2.500   22.0  2.45e+07 'X' 'X'
  6703.937  1.230 -2.257    2.500   24.0  1.15e+07 'X' 'X'
  6703.937  1.230 -2.223    2.500   26.0  1.15e+07 'X' 'X'
  6703.989  1.006 -3.384    2.500   24.0  2.45e+07 'X' 'X'
  6704.706  1.047 -2.825    2.500   26.0  1.15e+07 'X' 'X'
  6704.706  1.047 -2.794    2.500   28.0  1.15e+07 'X' 'X'
  6704.866  1.176 -5.649    2.500   40.0  2.45e+07 'X' 'X'
  6706.072  0.965 -5.356    2.500   16.0  2.45e+07 'X' 'X'
  6706.072  0.965 -3.831    2.500   16.0  2.45e+07 'X' 'X'
  6706.843  1.129 -1.522    2.500   24.0  1.15e+07 'X' 'X'
  6706.843  1.129 -1.559    2.500   22.0  1.15e+07 'X' 'X'
  6706.976  0.978 -3.995    2.500   36.0  2.45e+07 'X' 'X'
  6706.976  0.978 -6.169    2.500   36.0  2.45e+07 'X' 'X'
  6707.123  0.965 -3.794    2.500   18.0  2.45e+07 'X' 'X'
  6707.618  0.978 -3.975    2.500   38.0  2.45e+07 'X' 'X'
  6708.031  1.184 -1.401    2.500   34.0  1.15e+07 'X' 'X'
  6708.031  1.184 -1.376    2.500   36.0  1.15e+07 'X' 'X'
  6708.067  1.461 -0.588    2.500   78.0  1.15e+07 'X' 'X'
  6708.067  1.461 -0.577    2.500   80.0  1.15e+07 'X' 'X'
  6711.009  0.945 -5.141    2.500   12.0  2.45e+07 'X' 'X'
  6711.242  0.978 -0.738    2.500   32.0  1.15e+07 'X' 'X'
  6711.242  0.978 -0.712    2.500   34.0  1.15e+07 'X' 'X'
  6711.575  1.230 -5.768    2.500   28.0  2.45e+07 'X' 'X'
  6711.575  1.230 -3.827    2.500   28.0  2.45e+07 'X' 'X'
  6712.606  1.063 -3.640    2.500   42.0  2.45e+07 'X' 'X'
  6713.049  1.063 -3.620    2.500   44.0  2.45e+07 'X' 'X'
  6713.567  1.128 -3.933    2.500   56.0  2.45e+07 'X' 'X'
  6713.899  1.128 -3.918    2.500   58.0  2.45e+07 'X' 'X'
  6714.400  1.063 -3.634    2.500   28.0  2.45e+07 'X' 'X'
  6714.906  1.128 -0.912    2.500   56.0  1.15e+07 'X' 'X'
  6714.906  1.128 -0.928    2.500   54.0  1.15e+07 'X' 'X'
  6715.248  1.063 -3.598    2.500   30.0  2.45e+07 'X' 'X'
  6715.248  1.063 -5.550    2.500   30.0  2.45e+07 'X' 'X'
  6715.673  1.241 -2.192    2.500   28.0  1.15e+07 'X' 'X'
  6715.673  1.241 -2.223    2.500   26.0  1.15e+07 'X' 'X'
  6715.863  1.357 -0.623    2.500   70.0  1.15e+07 'X' 'X'
  6715.863  1.357 -0.636    2.500   68.0  1.15e+07 'X' 'X'
  6715.930  0.994 -3.465    2.500   20.0  2.45e+07 'X' 'X'
  6715.930  0.994 -6.293    2.500   20.0  2.45e+07 'X' 'X'
  6716.418  0.908 -6.044    2.500   30.0  2.45e+07 'X' 'X'
  6716.768  0.994 -3.422    2.500   22.0  2.45e+07 'X' 'X'
  6716.768  0.994 -6.283    2.500   22.0  2.45e+07 'X' 'X'
  6719.251  0.957 -5.310    2.500   14.0  2.45e+07 'X' 'X'
  6719.251  0.957 -3.885    2.500   14.0  2.45e+07 'X' 'X'
  6719.403  1.339 -4.561    2.500   58.0  2.45e+07 'X' 'X'
  6719.835  1.339 -4.547    2.500   60.0  2.45e+07 'X' 'X'
' 606.012012'      1       236
'Comment'
  6700.143  1.542 -5.235    2.500  131.0  5.89e+06 'X' 'X'
  6700.159  0.900 -4.924    2.500   71.0  5.89e+06 'X' 'X'
  6700.436  1.064 -7.082    2.500   13.0  5.89e+06 'X' 'X'
  6700.461  1.035 -5.398    2.500   87.0  5.89e+06 'X' 'X'
  6700.521  1.542 -8.795    2.500  133.0  5.89e+06 'X' 'X'
  6700.698  1.035 -5.466    2.500   85.0  5.89e+06 'X' 'X'
  6700.735  0.900 -4.921    2.500   69.0  5.89e+06 'X' 'X'
  6700.809  1.035 -4.738    2.500   87.0  5.89e+06 'X' 'X'
  6700.839  0.900 -1.840    2.500   73.0  5.89e+06 'X' 'X'
  6700.948  0.900 -1.852    2.500   71.0  5.89e+06 'X' 'X'
  6701.004  0.996 -4.951    2.500   53.0  5.89e+06 'X' 'X'
  6701.026  1.035 -4.643    2.500   89.0  5.89e+06 'X' 'X'
  6701.138  0.996 -5.003    2.500   51.0  5.89e+06 'X' 'X'
  6701.142  1.145 -1.338    2.500   77.0  5.89e+06 'X' 'X'
  6701.168  0.900 -1.865    2.500   69.0  5.89e+06 'X' 'X'
  6701.170  0.920 -9.392    2.500   35.0  5.89e+06 'X' 'X'
  6701.204  1.145 -1.349    2.500   75.0  5.89e+06 'X' 'X'
  6701.374  1.035 -5.144    2.500   89.0  5.89e+06 'X' 'X'
  6701.396  1.146 -1.361    2.500   73.0  5.89e+06 'X' 'X'
  6701.561  1.036 -4.837    2.500   85.0  5.89e+06 'X' 'X'
  6701.569  1.146 -4.531    2.500   75.0  5.89e+06 'X' 'X'
  6701.573  0.996 -3.909    2.500   55.0  5.89e+06 'X' 'X'
  6701.666  0.759 -7.656    2.500   47.0  5.89e+06 'X' 'X'
  6701.672  1.036 -5.164    2.500   87.0  5.89e+06 'X' 'X'
  6701.751  0.996 -4.227    2.500   51.0  5.89e+06 'X' 'X'
  6701.841  1.145 -4.543    2.500   77.0  5.89e+06 'X' 'X'
  6701.973  1.930 -8.850    2.500  159.0  5.89e+06 'X' 'X'
  6702.011  0.996 -4.062    2.500   53.0  5.89e+06 'X' 'X'
  6702.206  1.146 -7.336    2.500   77.0  5.89e+06 'X' 'X'
  6702.264  1.242 -1.655    2.500  109.0  5.89e+06 'X' 'X'
  6702.308  1.242 -1.664    2.500  107.0  5.89e+06 'X' 'X'
  6702.312  0.920 -4.174    2.500   37.0  5.89e+06 'X' 'X'
  6702.389  0.920 -4.196    2.500   35.0  5.89e+06 'X' 'X'
  6702.483  1.242 -1.671    2.500  105.0  5.89e+06 'X' 'X'
  6702.503  1.242 -5.145    2.500  107.0  5.89e+06 'X' 'X'
  6702.580  0.996 -4.509    2.500   55.0  5.89e+06 'X' 'X'
  6702.624  0.996 -4.603    2.500   53.0  5.89e+06 'X' 'X'
  6702.657  0.886 -6.439    2.500   25.0  5.89e+06 'X' 'X'
  6702.773  1.242 -5.153    2.500  109.0  5.89e+06 'X' 'X'
  6702.968  1.242 -8.001    2.500  109.0  5.89e+06 'X' 'X'
  6703.010  1.964 -8.744    2.500  157.0  5.89e+06 'X' 'X'
  6703.224  0.920 -1.653    2.500   39.0  5.89e+06 'X' 'X'
  6703.478  1.068 -7.089    2.500   15.0  5.89e+06 'X' 'X'
  6703.532  0.920 -1.677    2.500   37.0  5.89e+06 'X' 'X'
  6703.591  0.886 -4.257    2.500   27.0  5.89e+06 'X' 'X'
  6703.860  0.871 -6.531    2.500   19.0  5.89e+06 'X' 'X'
  6703.907  0.920 -1.700    2.500   35.0  5.89e+06 'X' 'X'
  6704.170  0.986 -4.985    2.500   51.0  5.89e+06 'X' 'X'
  6704.318  1.532 -7.565    2.500   97.0  5.89e+06 'X' 'X'
  6704.522  0.986 -5.088    2.500   49.0  5.89e+06 'X' 'X'
  6704.643  0.886 -4.380    2.500   25.0  5.89e+06 'X' 'X'
  6704.922  0.986 -4.048    2.500   51.0  5.89e+06 'X' 'X'
  6705.075  0.986 -3.888    2.500   53.0  5.89e+06 'X' 'X'
  6705.252  1.131 -1.349    2.500   75.0  5.89e+06 'X' 'X'
  6705.331  1.131 -1.361    2.500   73.0  5.89e+06 'X' 'X'
  6705.353  0.913 -8.935    2.500   33.0  5.89e+06 'X' 'X'
  6705.504  1.750 -7.870    2.500  133.0  5.89e+06 'X' 'X'
  6705.565  1.131 -1.373    2.500   71.0  5.89e+06 'X' 'X'
  6705.609  1.387 -4.884    2.500  103.0  5.89e+06 'X' 'X'
  6705.617  1.387 -4.939    2.500  101.0  5.89e+06 'X' 'X'
  6705.683  1.131 -4.532    2.500   75.0  5.89e+06 'X' 'X'
  6705.701  0.986 -4.220    2.500   49.0  5.89e+06 'X' 'X'
  6705.703  0.805 -8.001    2.500   55.0  5.89e+06 'X' 'X'
  6705.811  1.387 -8.385    2.500  103.0  5.89e+06 'X' 'X'
  6705.822  1.072 -7.057    2.500   17.0  5.89e+06 'X' 'X'
  6705.827  0.986 -4.481    2.500   53.0  5.89e+06 'X' 'X'
  6706.042  0.913 -4.157    2.500   35.0  5.89e+06 'X' 'X'
  6706.101  0.986 -4.532    2.500   51.0  5.89e+06 'X' 'X'
  6706.257  1.131 -4.535    2.500   73.0  5.89e+06 'X' 'X'
  6706.532  0.887 -8.563    2.500   67.0  5.89e+06 'X' 'X'
  6706.535  0.805 -5.068    2.500   57.0  5.89e+06 'X' 'X'
  6706.610  1.131 -7.588    2.500   75.0  5.89e+06 'X' 'X'
  6706.718  0.806 -5.106    2.500   55.0  5.89e+06 'X' 'X'
  6706.932  0.882 -6.487    2.500   23.0  5.89e+06 'X' 'X'
  6706.947  0.913 -4.153    2.500   33.0  5.89e+06 'X' 'X'
  6707.016  1.513 -7.850    2.500   95.0  5.89e+06 'X' 'X'
  6707.021  2.168 -5.959    2.500  171.0  5.89e+06 'X' 'X'
  6707.047  0.887 -4.922    2.500   67.0  5.89e+06 'X' 'X'
  6707.179  2.168 -9.735    2.500  169.0  5.89e+06 'X' 'X'
  6707.257  0.887 -4.911    2.500   69.0  5.89e+06 'X' 'X'
  6707.272  2.168 -5.996    2.500  169.0  5.89e+06 'X' 'X'
  6707.316  0.913 -1.677    2.500   37.0  5.89e+06 'X' 'X'
  6707.635  0.913 -1.703    2.500   35.0  5.89e+06 'X' 'X'
  6707.654  0.887 -1.853    2.500   71.0  5.89e+06 'X' 'X'
  6707.772  0.887 -1.866    2.500   69.0  5.89e+06 'X' 'X'
  6707.985  0.914 -1.727    2.500   33.0  5.89e+06 'X' 'X'
  6708.048  0.887 -1.878    2.500   67.0  5.89e+06 'X' 'X'
  6708.238  1.367 -4.839    2.500  101.0  5.89e+06 'X' 'X'
  6708.424  1.019 -5.388    2.500   85.0  5.89e+06 'X' 'X'
  6708.446  1.019 -5.409    2.500   83.0  5.89e+06 'X' 'X'
  6708.468  0.882 -4.225    2.500   25.0  5.89e+06 'X' 'X'
  6708.527  1.367 -4.858    2.500   99.0  5.89e+06 'X' 'X'
  6708.570  0.976 -4.962    2.500   49.0  5.89e+06 'X' 'X'
  6708.695  1.076 -7.136    2.500   19.0  5.89e+06 'X' 'X'
  6708.708  1.019 -4.631    2.500   87.0  5.89e+06 'X' 'X'
  6708.732  0.977 -5.020    2.500   47.0  5.89e+06 'X' 'X'
  6708.762  1.019 -4.829    2.500   83.0  5.89e+06 'X' 'X'
  6709.017  1.367 -8.155    2.500  101.0  5.89e+06 'X' 'X'
  6709.073  1.019 -4.728    2.500   85.0  5.89e+06 'X' 'X'
  6709.115  1.221 -1.664    2.500  107.0  5.89e+06 'X' 'X'
  6709.174  1.221 -1.672    2.500  105.0  5.89e+06 'X' 'X'
  6709.206  0.976 -3.865    2.500   51.0  5.89e+06 'X' 'X'
  6709.357  1.019 -5.147    2.500   87.0  5.89e+06 'X' 'X'
  6709.365  1.221 -5.146    2.500  107.0  5.89e+06 'X' 'X'
  6709.369  0.882 -4.303    2.500   23.0  5.89e+06 'X' 'X'
  6709.373  0.868 -6.323    2.500   17.0  5.89e+06 'X' 'X'
  6709.383  1.117 -1.361    2.500   73.0  5.89e+06 'X' 'X'
  6709.389  1.019 -5.216    2.500   85.0  5.89e+06 'X' 'X'
  6709.408  0.977 -4.210    2.500   47.0  5.89e+06 'X' 'X'
  6709.411  1.221 -1.680    2.500  103.0  5.89e+06 'X' 'X'
  6709.450  1.117 -1.373    2.500   71.0  5.89e+06 'X' 'X'
  6709.464  1.901 -8.421    2.500  157.0  5.89e+06 'X' 'X'
  6709.597  0.751 -7.409    2.500   45.0  5.89e+06 'X' 'X'
  6709.645  1.117 -1.385    2.500   69.0  5.89e+06 'X' 'X'
  6709.659  0.977 -4.031    2.500   49.0  5.89e+06 'X' 'X'
  6709.847  1.117 -4.510    2.500   71.0  5.89e+06 'X' 'X'
  6709.917  1.495 -7.547    2.500   93.0  5.89e+06 'X' 'X'
  6709.956  1.221 -5.149    2.500  105.0  5.89e+06 'X' 'X'
  6710.019  2.421 -9.189    2.500  183.0  5.89e+06 'X' 'X'
  6710.093  2.421 -6.092    2.500  183.0  5.89e+06 'X' 'X'
  6710.122  1.117 -4.522    2.500   73.0  5.89e+06 'X' 'X'
  6710.128  1.517 -5.306    2.500  129.0  5.89e+06 'X' 'X'
  6710.135  1.517 -5.262    2.500  131.0  5.89e+06 'X' 'X'
  6710.147  1.221 -8.307    2.500  107.0  5.89e+06 'X' 'X'
  6710.201  0.907 -4.128    2.500   33.0  5.89e+06 'X' 'X'
  6710.247  1.517 -8.956    2.500  131.0  5.89e+06 'X' 'X'
  6710.294  0.977 -4.472    2.500   51.0  5.89e+06 'X' 'X'
  6710.335  0.977 -4.572    2.500   49.0  5.89e+06 'X' 'X'
  6710.368  0.907 -4.153    2.500   31.0  5.89e+06 'X' 'X'
  6710.413  2.421 -6.088    2.500  185.0  5.89e+06 'X' 'X'
  6710.437  2.421 -2.170    2.500  187.0  5.89e+06 'X' 'X'
  6710.487  2.421 -2.175    2.500  185.0  5.89e+06 'X' 'X'
  6710.519  1.117 -7.305    2.500   73.0  5.89e+06 'X' 'X'
  6710.714  2.421 -2.179    2.500  183.0  5.89e+06 'X' 'X'
  6710.921  1.080 -7.081    2.500   21.0  5.89e+06 'X' 'X'
  6710.994  1.980 -8.035    2.500  145.0  5.89e+06 'X' 'X'
  6711.254  0.907 -1.703    2.500   35.0  5.89e+06 'X' 'X'
  6711.443  1.724 -8.177    2.500  131.0  5.89e+06 'X' 'X'
  6711.480  0.878 -6.263    2.500   21.0  5.89e+06 'X' 'X'
  6711.517  0.967 -4.997    2.500   47.0  5.89e+06 'X' 'X'
  6711.617  0.907 -1.730    2.500   33.0  5.89e+06 'X' 'X'
  6711.900  0.967 -5.106    2.500   45.0  5.89e+06 'X' 'X'
  6712.022  0.908 -1.756    2.500   31.0  5.89e+06 'X' 'X'
  6712.355  1.477 -7.824    2.500   91.0  5.89e+06 'X' 'X'
  6712.357  0.967 -4.015    2.500   47.0  5.89e+06 'X' 'X'
  6712.494  0.967 -3.842    2.500   49.0  5.89e+06 'X' 'X'
  6712.566  0.795 -7.818    2.500   53.0  5.89e+06 'X' 'X'
  6712.591  0.878 -4.201    2.500   23.0  5.89e+06 'X' 'X'
  6712.929  0.795 -5.052    2.500   55.0  5.89e+06 'X' 'X'
  6713.147  0.968 -4.203    2.500   45.0  5.89e+06 'X' 'X'
  6713.208  1.103 -1.373    2.500   71.0  5.89e+06 'X' 'X'
  6713.216  0.874 -8.248    2.500   65.0  5.89e+06 'X' 'X'
  6713.291  1.103 -1.386    2.500   69.0  5.89e+06 'X' 'X'
  6713.319  0.795 -5.148    2.500   53.0  5.89e+06 'X' 'X'
  6713.334  0.967 -4.444    2.500   49.0  5.89e+06 'X' 'X'
  6713.461  0.874 -4.900    2.500   67.0  5.89e+06 'X' 'X'
  6713.494  1.003 -5.407    2.500   83.0  5.89e+06 'X' 'X'
  6713.529  1.103 -1.398    2.500   67.0  5.89e+06 'X' 'X'
  6713.567  1.085 -7.200    2.500   23.0  5.89e+06 'X' 'X'
  6713.605  0.968 -4.500    2.500   47.0  5.89e+06 'X' 'X'
  6713.623  0.901 -4.110    2.500   31.0  5.89e+06 'X' 'X'
  6713.678  1.103 -4.511    2.500   71.0  5.89e+06 'X' 'X'
  6713.735  1.003 -5.478    2.500   81.0  5.89e+06 'X' 'X'
  6713.870  1.003 -4.719    2.500   83.0  5.89e+06 'X' 'X'
  6713.915  0.878 -4.320    2.500   21.0  5.89e+06 'X' 'X'
  6714.054  0.874 -4.896    2.500   65.0  5.89e+06 'X' 'X'
  6714.069  0.866 -6.439    2.500   15.0  5.89e+06 'X' 'X'
  6714.086  1.003 -4.619    2.500   85.0  5.89e+06 'X' 'X'
  6714.180  0.874 -1.866    2.500   69.0  5.89e+06 'X' 'X'
  6714.251  1.103 -4.514    2.500   69.0  5.89e+06 'X' 'X'
  6714.299  0.874 -1.879    2.500   67.0  5.89e+06 'X' 'X'
  6714.328  1.491 -5.241    2.500  129.0  5.89e+06 'X' 'X'
  6714.462  1.003 -5.137    2.500   85.0  5.89e+06 'X' 'X'
  6714.527  0.874 -1.892    2.500   65.0  5.89e+06 'X' 'X'
  6714.623  1.003 -4.822    2.500   81.0  5.89e+06 'X' 'X'
  6714.630  0.902 -4.105    2.500   29.0  5.89e+06 'X' 'X'
  6714.638  1.103 -7.556    2.500   71.0  5.89e+06 'X' 'X'
  6714.654  1.492 -5.250    2.500  127.0  5.89e+06 'X' 'X'
  6714.758  1.003 -5.159    2.500   83.0  5.89e+06 'X' 'X'
  6714.940  1.459 -7.529    2.500   89.0  5.89e+06 'X' 'X'
  6715.047  1.492 -8.780    2.500  129.0  5.89e+06 'X' 'X'
  6715.050  0.901 -1.730    2.500   33.0  5.89e+06 'X' 'X'
  6715.081  1.348 -4.889    2.500   99.0  5.89e+06 'X' 'X'
  6715.090  1.348 -4.946    2.500   97.0  5.89e+06 'X' 'X'
  6715.302  1.348 -8.358    2.500   99.0  5.89e+06 'X' 'X'
  6715.327  0.874 -6.307    2.500   19.0  5.89e+06 'X' 'X'
  6715.431  0.902 -1.759    2.500   31.0  5.89e+06 'X' 'X'
  6715.543  0.958 -4.977    2.500   45.0  5.89e+06 'X' 'X'
  6715.614  1.090 -7.116    2.500   25.0  5.89e+06 'X' 'X'
  6715.620  1.201 -1.672    2.500  105.0  5.89e+06 'X' 'X'
  6715.665  1.201 -1.681    2.500  103.0  5.89e+06 'X' 'X'
  6715.738  0.959 -5.042    2.500   43.0  5.89e+06 'X' 'X'
  6715.812  0.902 -1.786    2.500   29.0  5.89e+06 'X' 'X'
  6715.842  1.201 -1.689    2.500  101.0  5.89e+06 'X' 'X'
  6715.878  1.201 -5.130    2.500  103.0  5.89e+06 'X' 'X'
  6716.081  0.896 -8.575    2.500   27.0  5.89e+06 'X' 'X'
  6716.150  1.201 -5.138    2.500  105.0  5.89e+06 'X' 'X'
  6716.256  0.958 -3.817    2.500   47.0  5.89e+06 'X' 'X'
  6716.362  1.201 -7.978    2.500  105.0  5.89e+06 'X' 'X'
  6716.485  0.959 -4.192    2.500   43.0  5.89e+06 'X' 'X'
  6716.728  0.959 -3.997    2.500   45.0  5.89e+06 'X' 'X'
  6717.040  1.089 -1.386    2.500   69.0  5.89e+06 'X' 'X'
  6717.078  0.874 -4.171    2.500   21.0  5.89e+06 'X' 'X'
  6717.113  1.090 -1.399    2.500   67.0  5.89e+06 'X' 'X'
  6717.115  1.442 -7.798    2.500   87.0  5.89e+06 'X' 'X'
  6717.133  0.743 -7.596    2.500   43.0  5.89e+06 'X' 'X'
  6717.148  1.699 -7.857    2.500  129.0  5.89e+06 'X' 'X'
  6717.311  1.090 -1.411    2.500   65.0  5.89e+06 'X' 'X'
  6717.441  0.959 -4.431    2.500   47.0  5.89e+06 'X' 'X'
  6717.460  0.896 -4.078    2.500   29.0  5.89e+06 'X' 'X'
  6717.475  0.959 -4.536    2.500   45.0  5.89e+06 'X' 'X'
  6717.546  1.090 -4.487    2.500   67.0  5.89e+06 'X' 'X'
  6717.569  1.329 -4.846    2.500   97.0  5.89e+06 'X' 'X'
  6717.747  0.896 -4.105    2.500   27.0  5.89e+06 'X' 'X'
  6717.822  1.090 -4.501    2.500   69.0  5.89e+06 'X' 'X'
  6717.855  1.329 -4.866    2.500   95.0  5.89e+06 'X' 'X'
  6717.975  1.871 -8.827    2.500  155.0  5.89e+06 'X' 'X'
  6718.001  1.096 -7.263    2.500   27.0  5.89e+06 'X' 'X'
  6718.255  1.090 -7.273    2.500   69.0  5.89e+06 'X' 'X'
  6718.260  0.950 -5.014    2.500   43.0  5.89e+06 'X' 'X'
  6718.271  0.875 -4.246    2.500   19.0  5.89e+06 'X' 'X'
  6718.367  1.329 -8.125    2.500   97.0  5.89e+06 'X' 'X'
  6718.682  0.950 -5.130    2.500   41.0  5.89e+06 'X' 'X'
  6718.690  0.896 -1.759    2.500   31.0  5.89e+06 'X' 'X'
  6719.122  0.864 -6.268    2.500   13.0  5.89e+06 'X' 'X'
  6719.126  0.896 -1.790    2.500   29.0  5.89e+06 'X' 'X'
  6719.196  1.935 -8.979    2.500  155.0  5.89e+06 'X' 'X'
  6719.206  0.950 -3.979    2.500   43.0  5.89e+06 'X' 'X'
  6719.321  0.950 -3.792    2.500   45.0  5.89e+06 'X' 'X'
  6719.381  1.425 -7.510    2.500   85.0  5.89e+06 'X' 'X'
  6719.510  0.871 -6.083    2.500   17.0  5.89e+06 'X' 'X'
  6719.518  0.862 -8.596    2.500   63.0  5.89e+06 'X' 'X'
  6719.568  0.897 -1.819    2.500   27.0  5.89e+06 'X' 'X'
  6719.600  0.786 -7.913    2.500   51.0  5.89e+06 'X' 'X'
  6719.626  0.891 -8.435    2.500   25.0  5.89e+06 'X' 'X'
  6719.834  1.102 -7.154    2.500   29.0  5.89e+06 'X' 'X'
' 607.012014'      1       101
'Comment'
  6700.027  1.420 -3.815    2.500  146.0  1.48e+06 'X' 'X'
  6700.122  0.935 -1.929    2.500   60.0  1.48e+06 'X' 'X'
  6700.274  1.559 -4.365    2.500  168.0  1.48e+06 'X' 'X'
  6700.469  0.825 -2.976    2.500   74.0  1.48e+06 'X' 'X'
  6700.588  0.825 -1.984    2.500   74.0  1.48e+06 'X' 'X'
  6700.956  1.085 -1.824    2.500  102.0  1.48e+06 'X' 'X'
  6701.117  1.085 -3.077    2.500  102.0  1.48e+06 'X' 'X'
  6701.168  0.864 -3.346    2.500  102.0  1.48e+06 'X' 'X'
  6701.334  0.864 -2.094    2.500  102.0  1.48e+06 'X' 'X'
  6701.799  0.855 -2.944    2.500   44.0  1.48e+06 'X' 'X'
  6701.866  0.855 -1.793    2.500   44.0  1.48e+06 'X' 'X'
  6701.899  1.013 -3.637    2.500  116.0  1.48e+06 'X' 'X'
  6702.060  0.785 -3.071    2.500   22.0  1.48e+06 'X' 'X'
  6702.084  1.013 -1.729    2.500  116.0  1.48e+06 'X' 'X'
  6702.376  1.311 -2.403    2.500  152.0  1.48e+06 'X' 'X'
  6702.388  0.936 -3.275    2.500   88.0  1.48e+06 'X' 'X'
  6702.526  0.936 -1.594    2.500   88.0  1.48e+06 'X' 'X'
  6702.624  1.311 -3.983    2.500  152.0  1.48e+06 'X' 'X'
  6703.360  0.875 -1.770    2.500   46.0  1.48e+06 'X' 'X'
  6703.414  0.752 -3.663    2.500   90.0  1.48e+06 'X' 'X'
  6703.433  0.876 -2.972    2.500   46.0  1.48e+06 'X' 'X'
  6703.757  0.766 -4.238    2.500  112.0  1.48e+06 'X' 'X'
  6703.932  0.961 -1.921    2.500   62.0  1.48e+06 'X' 'X'
  6703.935  0.828 -2.229    2.500   34.0  1.48e+06 'X' 'X'
  6703.947  0.812 -2.673    2.500   32.0  1.48e+06 'X' 'X'
  6703.998  0.812 -2.285    2.500   32.0  1.48e+06 'X' 'X'
  6704.009  1.206 -1.976    2.500  130.0  1.48e+06 'X' 'X'
  6704.027  0.961 -2.782    2.500   62.0  1.48e+06 'X' 'X'
  6704.218  1.206 -3.427    2.500  130.0  1.48e+06 'X' 'X'
  6704.693  1.281 -3.481    2.500  120.0  1.48e+06 'X' 'X'
  6704.904  0.843 -1.979    2.500   74.0  1.48e+06 'X' 'X'
  6705.186  0.948 -1.913    2.500   62.0  1.48e+06 'X' 'X'
  6705.426  1.104 -3.213    2.500   82.0  1.48e+06 'X' 'X'
  6705.520  1.085 -1.812    2.500  104.0  1.48e+06 'X' 'X'
  6705.720  1.311 -2.396    2.500  154.0  1.48e+06 'X' 'X'
  6706.648  0.865 -2.953    2.500   46.0  1.48e+06 'X' 'X'
  6706.718  0.865 -1.771    2.500   46.0  1.48e+06 'X' 'X'
  6707.441  0.791 -3.061    2.500   24.0  1.48e+06 'X' 'X'
  6707.544  0.956 -1.594    2.500   88.0  1.48e+06 'X' 'X'
  6707.686  0.956 -3.285    2.500   88.0  1.48e+06 'X' 'X'
  6707.799  1.206 -1.967    2.500  132.0  1.48e+06 'X' 'X'
  6708.960  0.886 -1.749    2.500   48.0  1.48e+06 'X' 'X'
  6708.982  0.820 -2.677    2.500   34.0  1.48e+06 'X' 'X'
  6709.036  0.886 -2.980    2.500   48.0  1.48e+06 'X' 'X'
  6709.036  0.820 -2.251    2.500   34.0  1.48e+06 'X' 'X'
  6709.368  0.760 -3.296    2.500   64.0  1.48e+06 'X' 'X'
  6709.615  0.975 -1.906    2.500   64.0  1.48e+06 'X' 'X'
  6709.714  0.975 -2.790    2.500   64.0  1.48e+06 'X' 'X'
  6709.877  0.836 -2.200    2.500   36.0  1.48e+06 'X' 'X'
  6710.156  0.887 -2.091    2.500  102.0  1.48e+06 'X' 'X'
  6710.234  1.114 -2.147    2.500  138.0  1.48e+06 'X' 'X'
  6710.343  0.932 -2.499    2.500  124.0  1.48e+06 'X' 'X'
  6710.426  0.843 -2.984    2.500   76.0  1.48e+06 'X' 'X'
  6710.463  1.114 -4.207    2.500  138.0  1.48e+06 'X' 'X'
  6710.511  0.961 -1.899    2.500   64.0  1.48e+06 'X' 'X'
  6710.548  0.843 -1.971    2.500   76.0  1.48e+06 'X' 'X'
  6711.220  1.108 -1.815    2.500  104.0  1.48e+06 'X' 'X'
  6711.308  1.039 -1.729    2.500  116.0  1.48e+06 'X' 'X'
  6711.384  1.108 -3.083    2.500  104.0  1.48e+06 'X' 'X'
  6711.498  1.039 -3.644    2.500  116.0  1.48e+06 'X' 'X'
  6711.755  0.875 -2.962    2.500   48.0  1.48e+06 'X' 'X'
  6711.774  1.122 -3.220    2.500   84.0  1.48e+06 'X' 'X'
  6711.828  0.876 -1.749    2.500   48.0  1.48e+06 'X' 'X'
  6712.337  0.956 -3.282    2.500   90.0  1.48e+06 'X' 'X'
  6712.479  0.956 -1.583    2.500   90.0  1.48e+06 'X' 'X'
  6712.938  0.798 -3.055    2.500   26.0  1.48e+06 'X' 'X'
  6713.167  1.452 -3.820    2.500  148.0  1.48e+06 'X' 'X'
  6713.344  1.114 -4.205    2.500  140.0  1.48e+06 'X' 'X'
  6713.573  1.114 -2.141    2.500  140.0  1.48e+06 'X' 'X'
  6713.839  0.932 -3.921    2.500  126.0  1.48e+06 'X' 'X'
  6714.049  0.933 -2.493    2.500  126.0  1.48e+06 'X' 'X'
  6714.283  0.828 -2.682    2.500   36.0  1.48e+06 'X' 'X'
  6714.288  0.887 -3.352    2.500  104.0  1.48e+06 'X' 'X'
  6714.341  0.828 -2.219    2.500   36.0  1.48e+06 'X' 'X'
  6714.458  0.887 -2.085    2.500  104.0  1.48e+06 'X' 'X'
  6714.777  0.898 -1.729    2.500   50.0  1.48e+06 'X' 'X'
  6714.856  0.898 -2.988    2.500   50.0  1.48e+06 'X' 'X'
  6715.002  1.039 -3.643    2.500  118.0  1.48e+06 'X' 'X'
  6715.168  1.308 -3.486    2.500  122.0  1.48e+06 'X' 'X'
  6715.192  1.039 -1.721    2.500  118.0  1.48e+06 'X' 'X'
  6715.209  0.860 -1.966    2.500   76.0  1.48e+06 'X' 'X'
  6715.550  0.990 -1.891    2.500   66.0  1.48e+06 'X' 'X'
  6715.651  0.990 -2.799    2.500   66.0  1.48e+06 'X' 'X'
  6715.717  1.108 -1.804    2.500  106.0  1.48e+06 'X' 'X'
  6716.052  0.846 -2.172    2.500   38.0  1.48e+06 'X' 'X'
  6716.064  0.975 -1.884    2.500   66.0  1.48e+06 'X' 'X'
  6716.676  0.773 -3.670    2.500   92.0  1.48e+06 'X' 'X'
  6717.087  0.886 -2.971    2.500   50.0  1.48e+06 'X' 'X'
  6717.164  0.886 -1.729    2.500   50.0  1.48e+06 'X' 'X'
  6717.473  1.235 -1.969    2.500  132.0  1.48e+06 'X' 'X'
  6717.686  1.235 -3.432    2.500  132.0  1.48e+06 'X' 'X'
  6717.755  1.596 -4.369    2.500  170.0  1.48e+06 'X' 'X'
  6717.821  0.976 -1.583    2.500   90.0  1.48e+06 'X' 'X'
  6717.966  0.976 -3.292    2.500   90.0  1.48e+06 'X' 'X'
  6718.275  1.140 -3.228    2.500   86.0  1.48e+06 'X' 'X'
  6718.325  1.345 -2.397    2.500  154.0  1.48e+06 'X' 'X'
  6718.577  1.345 -3.987    2.500  154.0  1.48e+06 'X' 'X'
  6719.353  0.776 -3.304    2.500   66.0  1.48e+06 'X' 'X'
  6719.584  0.793 -4.244    2.500  114.0  1.48e+06 'X' 'X'
  6719.843  0.836 -2.688    2.500   38.0  1.48e+06 'X' 'X'
  6719.904  0.836 -2.190    2.500   38.0  1.48e+06 'X' 'X'
' 822.000048'      1       309
'Comment'
  6700.168  0.364  0.350    2.500  145.0  9.86e+06 'X' 'X'
  6700.168  0.619  0.043    2.500  169.0  1.42e+07 'X' 'X'
  6700.168  0.619  0.043    2.500  169.0  1.42e+07 'X' 'X'
  6700.168  0.529 -0.387    2.500  153.0  1.46e+07 'X' 'X'
  6700.168  1.422  0.516    2.500  255.0  8.49e+06 'X' 'X'
  6700.181  0.194  0.214    2.500  107.0  1.02e+07 'X' 'X'
  6700.361  1.216  0.480    2.500  233.0  8.69e+06 'X' 'X'
  6700.509  1.000  0.376    2.500  215.0  8.93e+06 'X' 'X'
  6700.509  1.025  0.720    2.500  203.0  9.10e+06 'X' 'X'
  6700.509  1.324  0.481    2.500  245.0  8.59e+06 'X' 'X'
  6700.514  0.086  0.283    2.500   67.0  1.04e+07 'X' 'X'
  6700.523  0.042 -0.324    2.500   41.0  1.06e+07 'X' 'X'
  6700.756  0.529 -0.387    2.500  153.0  1.46e+07 'X' 'X'
  6700.756  0.814  0.145    2.500  207.0  1.34e+07 'X' 'X'
  6700.976  0.145  0.010    2.500   83.0  1.04e+07 'X' 'X'
  6701.075  0.814  0.145    2.500  207.0  1.34e+07 'X' 'X'
  6701.268  0.201  0.221    2.500  109.0  1.01e+07 'X' 'X'
  6701.389  0.229  0.501    2.500  111.0  1.02e+07 'X' 'X'
  6701.484  0.441 -0.354    2.500  131.0  1.50e+07 'X' 'X'
  6701.484  0.441 -0.354    2.500  131.0  1.50e+07 'X' 'X'
  6701.484  0.091  0.296    2.500   69.0  1.04e+07 'X' 'X'
  6701.592  1.136  0.724    2.500  217.0  8.99e+06 'X' 'X'
  6701.654  0.045 -0.298    2.500   43.0  1.06e+07 'X' 'X'
  6701.659  0.619 -0.233    2.500  173.0  1.42e+07 'X' 'X'
  6701.812  0.905 -0.151    2.500  217.0  1.31e+07 'X' 'X'
  6701.812  0.980  0.356    2.500  191.0  9.31e+06 'X' 'X'
  6701.812  0.905 -0.151    2.500  217.0  1.31e+07 'X' 'X'
  6701.933  0.373  0.355    2.500  147.0  9.84e+06 'X' 'X'
  6702.086  0.630  0.049    2.500  171.0  1.42e+07 'X' 'X'
  6702.086  0.630  0.049    2.500  171.0  1.42e+07 'X' 'X'
  6702.194  0.619 -0.233    2.500  173.0  1.42e+07 'X' 'X'
  6702.369  1.073  0.391    2.500  203.0  9.25e+06 'X' 'X'
  6702.382  0.208  0.227    2.500  111.0  1.01e+07 'X' 'X'
  6702.445  0.539 -0.379    2.500  155.0  1.46e+07 'X' 'X'
  6702.472  0.095  0.308    2.500   71.0  1.04e+07 'X' 'X'
  6702.481  0.880  0.353    2.500  177.0  9.40e+06 'X' 'X'
  6702.728  1.104  0.373    2.500  227.0  8.83e+06 'X' 'X'
  6702.728  0.151  0.022    2.500   85.0  1.04e+07 'X' 'X'
  6702.733  0.048 -0.275    2.500   45.0  1.06e+07 'X' 'X'
  6702.818  1.189  0.741    2.500  243.0  8.53e+06 'X' 'X'
  6702.818  1.287  0.737    2.500  253.0  8.43e+06 'X' 'X'
  6703.007  0.539 -0.379    2.500  155.0  1.46e+07 'X' 'X'
  6703.092  1.103 -0.075    2.500  249.0  1.22e+07 'X' 'X'
  6703.092  0.237  0.509    2.500  113.0  1.02e+07 'X' 'X'
  6703.092  1.103 -0.075    2.500  249.0  1.22e+07 'X' 'X'
  6703.331  0.449 -0.347    2.500  133.0  1.49e+07 'X' 'X'
  6703.331  0.449 -0.347    2.500  133.0  1.49e+07 'X' 'X'
  6703.438  1.239  0.762    2.500  229.0  8.89e+06 'X' 'X'
  6703.510  0.215  0.234    2.500  113.0  1.01e+07 'X' 'X'
  6703.510  0.100  0.319    2.500   73.0  1.04e+07 'X' 'X'
  6703.708  1.231  0.482    2.500  235.0  8.67e+06 'X' 'X'
  6703.726  1.038  0.724    2.500  205.0  9.08e+06 'X' 'X'
  6703.731  0.383  0.360    2.500  149.0  9.82e+06 'X' 'X'
  6703.901  0.052 -0.252    2.500   47.0  1.06e+07 'X' 'X'
  6703.906  0.641  0.055    2.500  173.0  1.41e+07 'X' 'X'
  6703.906  0.641  0.055    2.500  173.0  1.41e+07 'X' 'X'
  6703.906  0.919 -0.146    2.500  219.0  1.30e+07 'X' 'X'
  6703.906  0.919 -0.146    2.500  219.0  1.30e+07 'X' 'X'
  6704.171  1.438  0.518    2.500  257.0  8.45e+06 'X' 'X'
  6704.171  1.340  0.483    2.500  247.0  8.55e+06 'X' 'X'
  6704.288  0.630 -0.227    2.500  175.0  1.42e+07 'X' 'X'
  6704.369  1.014  0.380    2.500  217.0  8.91e+06 'X' 'X'
  6704.544  0.156  0.033    2.500   87.0  1.04e+07 'X' 'X'
  6704.567  0.105  0.330    2.500   75.0  1.04e+07 'X' 'X'
  6704.688  0.549 -0.372    2.500  157.0  1.45e+07 'X' 'X'
  6704.688  0.222  0.240    2.500  115.0  1.01e+07 'X' 'X'
  6704.783  0.630 -0.227    2.500  175.0  1.42e+07 'X' 'X'
  6704.837  0.244  0.516    2.500  115.0  1.02e+07 'X' 'X'
  6705.052  0.055 -0.231    2.500   49.0  1.06e+07 'X' 'X'
  6705.160  0.458 -0.340    2.500  135.0  1.49e+07 'X' 'X'
  6705.160  0.458 -0.340    2.500  135.0  1.49e+07 'X' 'X'
  6705.282  1.150  0.728    2.500  219.0  8.95e+06 'X' 'X'
  6705.286  0.549 -0.372    2.500  157.0  1.45e+07 'X' 'X'
  6705.444  0.992  0.360    2.500  193.0  9.29e+06 'X' 'X'
  6705.561  0.393  0.365    2.500  151.0  9.79e+06 'X' 'X'
  6705.655  0.892  0.357    2.500  179.0  9.38e+06 'X' 'X'
  6705.660  0.110  0.341    2.500   77.0  1.04e+07 'X' 'X'
  6705.880  0.841  0.155    2.500  211.0  1.33e+07 'X' 'X'
  6705.889  0.230  0.247    2.500  117.0  1.01e+07 'X' 'X'
  6706.002  0.933 -0.141    2.500  221.0  1.29e+07 'X' 'X'
  6706.002  0.933 -0.141    2.500  221.0  1.30e+07 'X' 'X'
  6706.159  0.841  0.155    2.500  211.0  1.33e+07 'X' 'X'
  6706.258  0.058 -0.211    2.500   51.0  1.05e+07 'X' 'X'
  6706.316  1.087  0.395    2.500  205.0  9.23e+06 'X' 'X'
  6706.321  0.162  0.044    2.500   89.0  1.04e+07 'X' 'X'
  6706.609  0.252  0.523    2.500  117.0  1.02e+07 'X' 'X'
  6706.775  0.115  0.352    2.500   79.0  1.04e+07 'X' 'X'
  6706.775  1.204  0.744    2.500  245.0  8.49e+06 'X' 'X'
  6706.991  0.559 -0.365    2.500  159.0  1.45e+07 'X' 'X'
  6706.991  1.118  0.377    2.500  229.0  8.81e+06 'X' 'X'
  6707.032  1.051  0.727    2.500  207.0  9.04e+06 'X' 'X'
  6707.036  0.467 -0.333    2.500  137.0  1.49e+07 'X' 'X'
  6707.036  0.467 -0.333    2.500  137.0  1.49e+07 'X' 'X'
  6707.131  1.303  0.740    2.500  255.0  8.41e+06 'X' 'X'
  6707.131  0.238  0.253    2.500  119.0  1.00e+07 'X' 'X'
  6707.131  1.245  0.485    2.500  237.0  8.63e+06 'X' 'X'
  6707.441  1.254  0.765    2.500  231.0  8.85e+06 'X' 'X'
  6707.450  0.403  0.370    2.500  153.0  9.77e+06 'X' 'X'
  6707.455  0.062 -0.191    2.500   53.0  1.05e+07 'X' 'X'
  6707.572  0.559 -0.365    2.500  159.0  1.45e+07 'X' 'X'
  6707.729  0.664  0.066    2.500  177.0  1.40e+07 'X' 'X'
  6707.729  0.664  0.066    2.500  177.0  1.41e+07 'X' 'X'
  6707.927  0.120  0.362    2.500   81.0  1.04e+07 'X' 'X'
  6708.008  1.355  0.485    2.500  249.0  8.53e+06 'X' 'X'
  6708.166  0.169  0.055    2.500   91.0  1.04e+07 'X' 'X'
  6708.170  0.947 -0.136    2.500  223.0  1.29e+07 'X' 'X'
  6708.170  0.947 -0.136    2.500  223.0  1.29e+07 'X' 'X'
  6708.287  1.028  0.384    2.500  219.0  8.87e+06 'X' 'X'
  6708.287  1.454  0.520    2.500  259.0  8.43e+06 'X' 'X'
  6708.400  0.260  0.530    2.500  119.0  1.01e+07 'X' 'X'
  6708.400  0.245  0.259    2.500  121.0  1.00e+07 'X' 'X'
  6708.454  0.855  0.159    2.500  213.0  1.32e+07 'X' 'X'
  6708.715  0.855  0.159    2.500  213.0  1.32e+07 'X' 'X'
  6708.715  0.066 -0.173    2.500   55.0  1.05e+07 'X' 'X'
  6708.927  0.477 -0.326    2.500  139.0  1.48e+07 'X' 'X'
  6708.927  0.477 -0.326    2.500  139.0  1.48e+07 'X' 'X'
  6708.940  1.164  0.731    2.500  221.0  8.93e+06 'X' 'X'
  6709.021  0.903  0.362    2.500  181.0  9.35e+06 'X' 'X'
  6709.089  1.005  0.364    2.500  195.0  9.27e+06 'X' 'X'
  6709.093  0.126  0.372    2.500   83.0  1.04e+07 'X' 'X'
  6709.309  0.570 -0.357    2.500  161.0  1.45e+07 'X' 'X'
  6709.309  0.413  0.375    2.500  155.0  9.75e+06 'X' 'X'
  6709.503  0.653 -0.216    2.500  179.0  1.41e+07 'X' 'X'
  6709.688  0.253  0.265    2.500  123.0  1.00e+07 'X' 'X'
  6709.719  0.675  0.072    2.500  179.0  1.40e+07 'X' 'X'
  6709.719  0.675  0.072    2.500  179.0  1.40e+07 'X' 'X'
  6709.926  0.570 -0.357    2.500  161.0  1.45e+07 'X' 'X'
  6709.994  0.069 -0.155    2.500   57.0  1.05e+07 'X' 'X'
  6709.994  0.653 -0.216    2.500  179.0  1.41e+07 'X' 'X'
  6710.048  0.175  0.066    2.500   93.0  1.04e+07 'X' 'X'
  6710.237  1.100  0.399    2.500  207.0  9.18e+06 'X' 'X'
  6710.368  0.961 -0.132    2.500  225.0  1.29e+07 'X' 'X'
  6710.368  0.961 -0.132    2.500  225.0  1.29e+07 'X' 'X'
  6710.372  1.064  0.731    2.500  209.0  9.02e+06 'X' 'X'
  6710.561  1.260  0.488    2.500  239.0  8.61e+06 'X' 'X'
  6710.791  1.220  0.748    2.500  247.0  8.47e+06 'X' 'X'
  6710.841  0.486 -0.320    2.500  141.0  1.48e+07 'X' 'X'
  6710.841  0.486 -0.320    2.500  141.0  1.48e+07 'X' 'X'
  6711.165  1.150 -0.063    2.500  255.0  1.21e+07 'X' 'X'
  6711.264  1.150 -0.063    2.500  255.0  1.21e+07 'X' 'X'
  6711.264  0.073 -0.138    2.500   59.0  1.05e+07 'X' 'X'
  6711.273  1.133  0.381    2.500  231.0  8.79e+06 'X' 'X'
  6711.431  1.269  0.768    2.500  233.0  8.83e+06 'X' 'X'
  6711.435  1.319  0.743    2.500  257.0  8.38e+06 'X' 'X'
  6711.525  0.137  0.392    2.500   87.0  1.03e+07 'X' 'X'
  6711.638  0.580 -0.350    2.500  163.0  1.44e+07 'X' 'X'
  6711.701  0.687  0.078    2.500  181.0  1.40e+07 'X' 'X'
  6711.701  0.687  0.078    2.500  181.0  1.40e+07 'X' 'X'
  6711.854  1.371  0.488    2.500  251.0  8.49e+06 'X' 'X'
  6711.976  0.181  0.076    2.500   95.0  1.04e+07 'X' 'X'
  6712.089  0.276  0.544    2.500  123.0  1.01e+07 'X' 'X'
  6712.179  0.665 -0.210    2.500  181.0  1.40e+07 'X' 'X'
  6712.292  0.580 -0.350    2.500  163.0  1.44e+07 'X' 'X'
  6712.292  0.915  0.366    2.500  183.0  9.33e+06 'X' 'X'
  6712.292  1.042  0.388    2.500  221.0  8.85e+06 'X' 'X'
  6712.382  0.269  0.277    2.500  127.0  9.98e+06 'X' 'X'
  6712.481  1.470  0.522    2.500  261.0  8.39e+06 'X' 'X'
  6712.557  0.976 -0.127    2.500  227.0  1.28e+07 'X' 'X'
  6712.557  0.976 -0.127    2.500  227.0  1.28e+07 'X' 'X'
  6712.625  0.665 -0.210    2.500  181.0  1.40e+07 'X' 'X'
  6712.630  0.077 -0.122    2.500   61.0  1.05e+07 'X' 'X'
  6712.630  1.178  0.734    2.500  223.0  8.91e+06 'X' 'X'
  6712.796  0.495 -0.313    2.500  143.0  1.48e+07 'X' 'X'
  6712.796  0.495 -0.313    2.500  143.0  1.48e+07 'X' 'X'
  6712.796  0.143  0.401    2.500   89.0  1.03e+07 'X' 'X'
  6712.801  1.017  0.368    2.500  197.0  9.25e+06 'X' 'X'
  6713.193  0.433  0.384    2.500  159.0  9.68e+06 'X' 'X'
  6713.698  0.699  0.083    2.500  183.0  1.39e+07 'X' 'X'
  6713.698  0.699  0.083    2.500  183.0  1.39e+07 'X' 'X'
  6713.788  0.278  0.283    2.500  129.0  9.95e+06 'X' 'X'
  6713.793  0.882  0.169    2.500  217.0  1.32e+07 'X' 'X'
  6713.932  1.166 -0.059    2.500  257.0  1.20e+07 'X' 'X'
  6713.932  0.188  0.086    2.500   97.0  1.04e+07 'X' 'X'
  6714.000  0.082 -0.106    2.500   63.0  1.05e+07 'X' 'X'
  6714.000  0.591 -0.343    2.500  165.0  1.44e+07 'X' 'X'
  6714.000  0.284  0.551    2.500  125.0  1.01e+07 'X' 'X'
  6714.005  0.882  0.169    2.500  217.0  1.32e+07 'X' 'X'
  6714.090  1.275  0.490    2.500  241.0  8.57e+06 'X' 'X'
  6714.095  1.166 -0.059    2.500  257.0  1.20e+07 'X' 'X'
  6714.095  0.149  0.410    2.500   91.0  1.03e+07 'X' 'X'
  6714.266  1.113  0.403    2.500  209.0  9.16e+06 'X' 'X'
  6714.478  0.016 -0.249    2.500   33.0  1.05e+07 'X' 'X'
  6714.478  0.018 -0.228    2.500   35.0  1.05e+07 'X' 'X'
  6714.478  0.025 -0.168    2.500   41.0  1.05e+07 'X' 'X'
  6714.478  0.020 -0.206    2.500   37.0  1.05e+07 'X' 'X'
  6714.478  0.022 -0.187    2.500   39.0  1.05e+07 'X' 'X'
  6714.555  0.014 -0.272    2.500   31.0  1.05e+07 'X' 'X'
  6714.555  0.027 -0.150    2.500   43.0  1.04e+07 'X' 'X'
  6714.640  0.030 -0.132    2.500   45.0  1.04e+07 'X' 'X'
  6714.640  0.591 -0.343    2.500  165.0  1.44e+07 'X' 'X'
  6714.640  0.012 -0.297    2.500   29.0  1.05e+07 'X' 'X'
  6714.767  0.505 -0.306    2.500  145.0  1.47e+07 'X' 'X'
  6714.767  0.505 -0.306    2.500  145.0  1.47e+07 'X' 'X'
  6714.771  0.033 -0.115    2.500   47.0  1.04e+07 'X' 'X'
  6714.771  0.010 -0.322    2.500   27.0  1.06e+07 'X' 'X'
  6714.888  1.235  0.751    2.500  249.0  8.43e+06 'X' 'X'
  6714.893  0.677 -0.205    2.500  183.0  1.40e+07 'X' 'X'
  6714.897  0.036 -0.099    2.500   49.0  1.04e+07 'X' 'X'
  6714.897  0.009 -0.350    2.500   25.0  1.06e+07 'X' 'X'
  6715.082  0.007 -0.379    2.500   23.0  1.06e+07 'X' 'X'
  6715.082  0.039 -0.084    2.500   51.0  1.04e+07 'X' 'X'
  6715.213  0.443  0.389    2.500  161.0  9.66e+06 'X' 'X'
  6715.218  0.286  0.288    2.500  131.0  9.93e+06 'X' 'X'
  6715.263  0.006 -0.410    2.500   21.0  1.06e+07 'X' 'X'
  6715.263  0.042 -0.069    2.500   53.0  1.04e+07 'X' 'X'
  6715.267  0.677 -0.205    2.500  183.0  1.40e+07 'X' 'X'
  6715.407  0.086 -0.091    2.500   65.0  1.05e+07 'X' 'X'
  6715.407  0.155  0.419    2.500   93.0  1.03e+07 'X' 'X'
  6715.488  0.005 -0.443    2.500   19.0  1.07e+07 'X' 'X'
  6715.488  1.283  0.770    2.500  235.0  8.79e+06 'X' 'X'
  6715.488  0.046 -0.054    2.500   55.0  1.04e+07 'X' 'X'
  6715.633  0.927  0.370    2.500  185.0  9.31e+06 'X' 'X'
  6715.633  1.148  0.385    2.500  233.0  8.75e+06 'X' 'X'
  6715.736  1.386  0.490    2.500  253.0  8.47e+06 'X' 'X'
  6715.736  0.711  0.089    2.500  185.0  1.39e+07 'X' 'X'
  6715.736  0.711  0.089    2.500  185.0  1.39e+07 'X' 'X'
  6715.741  0.049 -0.041    2.500   57.0  1.04e+07 'X' 'X'
  6715.741  0.004 -0.480    2.500   17.0  1.07e+07 'X' 'X'
  6715.908  0.194  0.096    2.500   99.0  1.03e+07 'X' 'X'
  6715.912  0.293  0.557    2.500  127.0  1.01e+07 'X' 'X'
  6716.030  0.003 -0.518    2.500   15.0  1.08e+07 'X' 'X'
  6716.030  0.053 -0.027    2.500   59.0  1.04e+07 'X' 'X'
  6716.328  0.057 -0.014    2.500   61.0  1.04e+07 'X' 'X'
  6716.328  0.002 -0.560    2.500   13.0  1.09e+07 'X' 'X'
  6716.337  1.056  0.392    2.500  223.0  8.83e+06 'X' 'X'
  6716.458  0.896  0.173    2.500  219.0  1.31e+07 'X' 'X'
  6716.472  1.192  0.737    2.500  225.0  8.87e+06 'X' 'X'
  6716.485  1.030  0.372    2.500  199.0  9.23e+06 'X' 'X'
  6716.657  0.896  0.173    2.500  219.0  1.31e+07 'X' 'X'
  6716.657  0.001 -0.606    2.500   11.0  1.11e+07 'X' 'X'
  6716.657  0.295  0.294    2.500  133.0  9.91e+06 'X' 'X'
  6716.657  0.061 -0.001    2.500   63.0  1.04e+07 'X' 'X'
  6716.661  1.487  0.524    2.500  263.0  8.38e+06 'X' 'X'
  6716.774  0.515 -0.300    2.500  147.0  1.47e+07 'X' 'X'
  6716.774  0.515 -0.300    2.500  147.0  1.47e+07 'X' 'X'
  6716.779  0.161  0.428    2.500   95.0  1.03e+07 'X' 'X'
  6716.783  0.091 -0.077    2.500   67.0  1.04e+07 'X' 'X'
  6717.004  0.065  0.011    2.500   65.0  1.04e+07 'X' 'X'
  6717.004  0.001 -0.655    2.500    9.0  1.15e+07 'X' 'X'
  6717.104  1.005 -0.118    2.500  231.0  1.27e+07 'X' 'X'
  6717.104  1.005 -0.118    2.500  231.0  1.27e+07 'X' 'X'
  6717.104  1.091  0.738    2.500  213.0  8.97e+06 'X' 'X'
  6717.239  0.454  0.394    2.500  163.0  9.64e+06 'X' 'X'
  6717.388  0.069  0.023    2.500   67.0  1.03e+07 'X' 'X'
  6717.388  0.000 -0.707    2.500    7.0  1.22e+07 'X' 'X'
  6717.600  0.162 -0.057    2.500   31.0  1.09e+07 'X' 'X'
  6717.600  0.160 -0.075    2.500   29.0  1.09e+07 'X' 'X'
  6717.600  0.164 -0.039    2.500   33.0  1.08e+07 'X' 'X'
  6717.600  0.166 -0.022    2.500   35.0  1.08e+07 'X' 'X'
  6717.605  1.290  0.493    2.500  243.0  8.55e+06 'X' 'X'
  6717.717  0.169 -0.006    2.500   37.0  1.08e+07 'X' 'X'
  6717.717  0.159 -0.093    2.500   27.0  1.09e+07 'X' 'X'
  6717.808  0.073  0.035    2.500   69.0  1.03e+07 'X' 'X'
  6717.808  0.000 -0.752    2.500    5.0  1.45e+07 'X' 'X'
  6717.808  0.157 -0.113    2.500   25.0  1.10e+07 'X' 'X'
  6717.808  0.171  0.010    2.500   39.0  1.08e+07 'X' 'X'
  6717.889  0.723  0.094    2.500  187.0  1.38e+07 'X' 'X'
  6717.889  0.723  0.094    2.500  187.0  1.38e+07 'X' 'X'
  6717.889  0.301  0.564    2.500  129.0  1.00e+07 'X' 'X'
  6717.889  0.201  0.105    2.500  101.0  1.03e+07 'X' 'X'
  6717.952  0.174  0.025    2.500   41.0  1.08e+07 'X' 'X'
  6717.952  0.156 -0.133    2.500   23.0  1.10e+07 'X' 'X'
  6718.137  0.154 -0.153    2.500   21.0  1.11e+07 'X' 'X'
  6718.137  0.176  0.040    2.500   43.0  1.07e+07 'X' 'X'
  6718.142  0.303  0.300    2.500  135.0  9.89e+06 'X' 'X'
  6718.151  0.167  0.437    2.500   97.0  1.02e+07 'X' 'X'
  6718.268  0.095 -0.063    2.500   69.0  1.04e+07 'X' 'X'
  6718.268  0.078  0.046    2.500   71.0  1.03e+07 'X' 'X'
  6718.273  0.153 -0.174    2.500   19.0  1.12e+07 'X' 'X'
  6718.273  0.179  0.054    2.500   45.0  1.07e+07 'X' 'X'
  6718.512  0.152 -0.196    2.500   17.0  1.13e+07 'X' 'X'
  6718.512  0.182  0.068    2.500   47.0  1.07e+07 'X' 'X'
  6718.720  0.151 -0.217    2.500   15.0  1.15e+07 'X' 'X'
  6718.724  0.082  0.057    2.500   73.0  1.03e+07 'X' 'X'
  6718.733  0.000 -1.007    2.500    5.0  1.45e+07 'X' 'X'
  6718.770  0.185  0.081    2.500   49.0  1.07e+07 'X' 'X'
  6718.788  0.524 -0.294    2.500  149.0  1.46e+07 'X' 'X'
  6718.788  0.524 -0.294    2.500  149.0  1.47e+07 'X' 'X'
  6718.810  0.001 -0.764    2.500    7.0  1.22e+07 'X' 'X'
  6718.869  0.001 -0.622    2.500    9.0  1.15e+07 'X' 'X'
  6719.027  0.150 -0.237    2.500   13.0  1.17e+07 'X' 'X'
  6719.027  1.251  0.754    2.500  251.0  8.41e+06 'X' 'X'
  6719.027  0.938  0.374    2.500  187.0  9.29e+06 'X' 'X'
  6719.036  0.002 -0.519    2.500   11.0  1.11e+07 'X' 'X'
  6719.063  0.188  0.094    2.500   51.0  1.07e+07 'X' 'X'
  6719.189  0.087  0.068    2.500   75.0  1.03e+07 'X' 'X'
  6719.189  0.003 -0.438    2.500   13.0  1.09e+07 'X' 'X'
  6719.199  0.910  0.178    2.500  221.0  1.30e+07 'X' 'X'
  6719.311  0.465  0.398    2.500  165.0  9.62e+06 'X' 'X'
  6719.311  0.150 -0.254    2.500   11.0  1.22e+07 'X' 'X'
  6719.375  0.004 -0.370    2.500   15.0  1.08e+07 'X' 'X'
  6719.379  0.192  0.106    2.500   53.0  1.07e+07 'X' 'X'
  6719.379  0.910  0.178    2.500  221.0  1.30e+07 'X' 'X'
  6719.384  1.020 -0.114    2.500  233.0  1.26e+07 'X' 'X'
  6719.384  1.020 -0.114    2.500  233.0  1.26e+07 'X' 'X'
  6719.560  1.198 -0.052    2.500  261.0  1.19e+07 'X' 'X'
  6719.564  0.174  0.445    2.500   99.0  1.02e+07 'X' 'X'
  6719.564  0.005 -0.312    2.500   17.0  1.07e+07 'X' 'X'
  6719.614  0.149 -0.267    2.500    9.0  1.31e+07 'X' 'X'
  6719.623  1.298  0.773    2.500  237.0  8.77e+06 'X' 'X'
  6719.632  1.402  0.492    2.500  255.0  8.43e+06 'X' 'X'
  6719.632  0.312  0.305    2.500  137.0  9.86e+06 'X' 'X'
  6719.736  1.198 -0.052    2.500  261.0  1.19e+07 'X' 'X'
  6719.740  0.195  0.118    2.500   55.0  1.07e+07 'X' 'X'
  6719.740  0.100 -0.049    2.500   71.0  1.04e+07 'X' 'X'
  6719.740  0.092  0.078    2.500   77.0  1.03e+07 'X' 'X'
  6719.871  0.006 -0.262    2.500   19.0  1.07e+07 'X' 'X'
  6719.881  0.310  0.570    2.500  131.0  1.00e+07 'X' 'X'
  6719.908  0.208  0.115    2.500  103.0  1.03e+07 'X' 'X'
